Best fitness stats:
evaluation 0
0 0.0 1600.0 1.0 5758.0
0 0.0 1596.8 1.0 3075.1
0 0.0 2543.7 1.0 4087.7
evaluation 1
0 0.0 1100.0 1.0 4270.6
0 0.0 1875.1 1.0 5794.9
0 0.0 1453.5 1.0 5394.9
evaluation 2
0 0.0 -4289.2 1.0 4181.799999999999
0 0.0 -2221.3 1.0 3124.2999999999997
0 0.0 -904.0 1.0 4573.9
evaluation 3
0 0.0 1900.0 1.0 5109.9
0 0.0 2882.2 1.0 8202.8
0 0.0 1264.9 1.0 8144.0
evaluation 4
0 1.0 1900.0 0.0 0.0
0 1.0 588.5 0.0 0.0
0 1.0 8687.5 0.0 0.0
evaluation 5
0 1.0 2000.0 0.0 0.0
0 1.0 3194.6 0.0 0.0
0 1.0 6251.4 0.0 0.0
evaluation 6
0 1.0 2100.0 0.0 0.0
0 1.0 2562.1 0.0 0.0
0 1.0 7985.5 0.0 0.0
evaluation 7
0 1.0 1500.0 0.0 0.0
0 1.0 817.5999999999999 0.0 0.0
0 1.0 10080.7 0.0 0.0
evaluation 8
0 1.0 1800.0 0.0 0.0
0 1.0 173.0 0.0 0.0
0 1.0 8752.8 0.0 0.0
evaluation 9
0 1.0 4100.0 0.0 0.0
0 1.0 4337.0 0.0 0.0
0 1.0 10375.7 0.0 0.0
evaluation 10
0 1.0 4300.0 0.0 0.0
0 1.0 6511.8 0.0 0.0
0 1.0 16504.5 0.0 0.0
evaluation 11
0 1.0 1400.0 0.0 0.0
0 1.0 4553.3 0.0 0.0
0 1.0 11998.3 0.0 0.0
evaluation 12
0 1.0 1600.0 0.0 0.0
0 1.0 5191.9 0.0 0.0
0 1.0 10845.0 0.0 0.0
evaluation 13
0 0.0 -400.0 1.0 0.0
0 1.0 6206.4 0.0 0.0
0 1.0 9476.4 0.0 0.0
evaluation 14
0 0.0 -400.0 1.0 3600.0
0 0.0 4541.4 1.0 5000.0
0 1.0 9276.3 0.0 4500.0
evaluation 15
0 0.0 -400.0 1.0 3600.0
0 1.0 6411.8 0.0 3800.0
0 1.0 12363.9 0.0 3700.0
evaluation 16
0 0.0 -1800.0 1.0 1200.0
0 0.0 1876.6 1.0 3200.0
0 1.0 4668.3 0.0 3500.0
evaluation 17
0 0.0 -1800.0 1.0 1200.0
0 0.0 2765.6 1.0 3400.0
0 1.0 6300.7 0.0 3800.0
evaluation 18
0 0.0 -1800.0 1.0 1200.0
0 0.0 2930.7 1.0 3100.0
0 0.0 2604.2 1.0 3100.0
evaluation 19
0 0.0 -700.0 1.0 1100.0
0 0.0 3609.8 1.0 3800.0
0 1.0 6977.4 0.0 2500.0
evaluation 20
0 0.0 300.0 1.0 1100.0
0 0.0 1498.0 1.0 2000.0
0 1.0 6280.4 0.0 2000.0
evaluation 21
0 0.0 -400.0 1.0 400.0
0 1.0 1198.4 0.0 1000.0
0 1.0 2436.0 0.0 1700.0
evaluation 22
0 0.0 -1000.0 1.0 400.0
0 0.0 478.8 1.0 1300.0
0 0.0 1853.3 1.0 2000.0
evaluation 23
0 0.0 1000.0 1.0 2400.0
0 1.0 10007.2 0.0 3800.0
0 1.0 6311.1 0.0 3500.0
evaluation 24
0 0.0 1000.0 1.0 1445.4
0 1.0 5355.8 0.0 1161.5
0 1.0 15175.1 0.0 0.0
evaluation 25
0 1.0 2400.0 0.0 1785.9
0 1.0 5299.4 0.0 -535.5
0 1.0 19717.8 0.0 0.0
evaluation 26
0 1.0 5000.0 0.0 600.0
0 1.0 6642.1 0.0 113.2
0 1.0 7449.1 0.0 0.0
evaluation 27
0 1.0 6000.0 0.0 -12.399999999999999
0 1.0 9015.9 0.0 167.8
0 1.0 11478.2 0.0 0.0
evaluation 28
0 1.0 4000.0 0.0 713.2
0 1.0 3829.3 0.0 0.0
0 1.0 10175.5 0.0 0.0
evaluation 29
0 1.0 4200.0 0.0 -70.0
0 1.0 4287.3 0.0 0.0
0 1.0 8056.8 0.0 0.0
evaluation 30
0 1.0 4200.0 0.0 336.3
0 1.0 3906.3 0.0 164.3
0 1.0 12220.4 0.0 0.0
evaluation 31
0 1.0 4000.0 0.0 1200.0
0 1.0 5000.0 0.0 2200.0
0 1.0 7810.0 0.0 0.0
evaluation 32
0 1.0 4000.0 0.0 229.20000000000002
0 1.0 2145.2 0.0 -42.699999999999996
0 1.0 8969.1 0.0 0.0
evaluation 33
0 1.0 600.0 0.0 -11.199999999999989
0 0.0 440.40000000000003 1.0 825.0
0 1.0 6134.6 0.0 0.0
evaluation 34
0 1.0 600.0 0.0 569.2
0 1.0 7517.6 0.0 -199.60000000000002
0 1.0 9722.8 0.0 0.0
evaluation 35
0 1.0 600.0 0.0 400.0
0 1.0 5101.2 0.0 390.2
0 1.0 5483.0 0.0 0.0
evaluation 36
0 1.0 600.0 0.0 0.0
0 1.0 7208.2 0.0 2800.0
0 1.0 6210.0 0.0 0.0
evaluation 37
0 1.0 600.0 0.0 3.0
0 1.0 4504.6 0.0 0.0
0 1.0 14418.4 0.0 0.0
evaluation 38
0 1.0 2400.0 0.0 6.0
0 1.0 2194.8 0.0 0.0
0 1.0 5798.4 0.0 0.0
evaluation 39
0 0.0 3400.0 1.0 7408.0
0 0.0 5196.0 1.0 8508.0
0 0.0 6724.2 1.0 6997.8
evaluation 40
0 0.0 2200.0 1.0 5720.0
0 0.0 5893.2 1.0 8408.0
0 0.0 9306.8 1.0 10210.0
evaluation 41
0 0.0 2900.0 1.0 7819.4
0 1.0 7904.8 0.0 7395.0
0 0.0 6096.6 1.0 7197.4
evaluation 42
0 0.0 2600.0 1.0 8820.0
0 0.0 4196.4 1.0 6302.2
0 0.0 8106.4 1.0 10415.8
evaluation 43
0 0.5 2400.0 0.5 2400.0
0 1.0 7412.8 0.0 3700.0
0 1.0 7000.0 0.0 3300.0
evaluation 44
0 0.5 2400.0 0.5 2400.0
0 1.0 4710.0 0.0 3000.0
0 1.0 7404.6 0.0 2800.0
evaluation 45
0 0.5 2400.0 0.5 2400.0
0 1.0 7804.4 0.0 3700.0
0 1.0 9502.2 0.0 3400.0
evaluation 46
0 0.5 2400.0 0.5 2400.0
0 1.0 5389.8 0.0 2300.0
0 1.0 6900.2 0.0 3000.0
evaluation 47
0 0.5 2700.0 0.5 2700.0
0 1.0 4531.8 0.0 3100.0
0 1.0 8247.8 0.0 3400.0
evaluation 48
0 0.5 2700.0 0.5 2700.0
0 1.0 6311.6 0.0 2100.0
0 1.0 7139.8 0.0 3300.0
evaluation 49
0 1.0 4400.0 0.0 3800.0
0 1.0 5840.4 0.0 4000.0
0 1.0 9781.4 0.0 3600.0
evaluation 50
0 1.0 3800.0 0.0 3400.0
0 1.0 5293.6 0.0 3900.0
0 1.0 6466.4 0.0 4200.0
evaluation 51
0 0.5 3800.0 0.5 3800.0
0 1.0 6070.0 0.0 3700.0
0 1.0 9708.0 0.0 2900.0
evaluation 52
0 0.5 3800.0 0.5 3800.0
0 0.0 3880.8 1.0 4300.0
0 1.0 8308.0 0.0 3900.0
evaluation 53
0 0.5 2200.0 0.5 2200.0
0 1.0 5487.4 0.0 1900.0
0 1.0 7713.4 0.0 1900.0
evaluation 54
0 0.5 2200.0 0.5 2200.0
0 1.0 2897.4 0.0 1300.0
0 1.0 9712.6 0.0 1700.0
evaluation 55
0 0.5 1200.0 0.5 1200.0
0 1.0 1405.2 0.0 1300.0
0 1.0 3589.8 0.0 1400.0
evaluation 56
0 0.5 800.0 0.5 800.0
0 1.0 2378.2 0.0 1500.0
0 1.0 5494.4 0.0 600.0
evaluation 57
0 0.0 800.0 1.0 1010.0
0 0.0 684.8 1.0 700.0
0 1.0 4690.2 0.0 1100.0
evaluation 58
0 1.0 1400.0 0.0 1200.0
0 1.0 1691.0 0.0 1500.0
0 1.0 4701.0 0.0 1100.0
evaluation 59
0 1.0 1400.0 0.0 1200.0
0 1.0 1374.2 0.0 1000.0
0 1.0 5203.6 0.0 1300.0
evaluation 60
0 0.0 1300.0 1.0 4098.4
0 1.0 4178.0 0.0 657.4
0 1.0 4429.4 0.0 1272.8
evaluation 61
0 0.0 1400.0 1.0 1703.8
0 1.0 2676.4 0.0 782.6
0 1.0 3207.6 0.0 2992.0
evaluation 62
0 0.0 1500.0 1.0 3069.0
0 0.0 2553.0 1.0 3146.4
0 1.0 3688.0 0.0 1550.6
evaluation 63
0 1.0 1200.0 0.0 935.2
0 1.0 2661.2 0.0 2059.2
0 1.0 5852.2 0.0 2650.2
evaluation 64
0 0.0 1800.0 1.0 4688.0
0 0.0 1128.2 1.0 2724.4
0 1.0 3069.6 0.0 1672.6
evaluation 65
0 0.0 500.0 1.0 1752.4
0 1.0 3205.2 0.0 2074.4
0 1.0 2722.2 0.0 1774.4
evaluation 66
0 0.0 100.0 1.0 1613.4
0 0.0 942.4000000000001 1.0 2520.4
0 1.0 3654.4 0.0 1462.8
evaluation 67
0 0.0 300.0 1.0 1868.8
0 0.0 569.2 1.0 3137.0
0 1.0 4930.0 0.0 1986.8
evaluation 68
0 0.0 1200.0 1.0 2566.2
0 1.0 4086.8 0.0 2671.2
0 0.0 3369.4 1.0 3499.2
evaluation 69
0 0.5 1400.0 0.5 1400.0
0 1.0 2374.0 0.0 500.0
0 1.0 4902.0 0.0 1000.0
evaluation 70
0 0.5 1400.0 0.5 1400.0
0 1.0 848.2 0.0 700.0
0 1.0 2082.6 0.0 1100.0
evaluation 71
0 0.5 1400.0 0.5 1400.0
0 0.0 508.0 1.0 1000.0
0 1.0 5148.2 0.0 1400.0
evaluation 72
0 0.5 1400.0 0.5 1400.0
0 1.0 1374.4 0.0 700.0
0 1.0 2140.6 0.0 900.0
evaluation 73
0 0.5 1400.0 0.5 1400.0
0 0.0 693.8 1.0 1000.0
0 1.0 3379.4 0.0 1300.0
evaluation 74
0 0.5 1100.0 0.5 1100.0
0 1.0 1665.6 0.0 1000.0
0 1.0 2566.2 0.0 600.0
evaluation 75
0 0.5 1100.0 0.5 1100.0
0 0.0 562.6 1.0 1200.0
0 1.0 5798.8 0.0 700.0
evaluation 76
0 0.5 1400.0 0.5 1400.0
0 0.0 526.6 1.0 1500.0
0 1.0 2434.4 0.0 900.0
evaluation 77
0 0.5 1400.0 0.5 1400.0
0 0.0 634.0 1.0 1300.0
0 1.0 1479.4 0.0 500.0
evaluation 78
0 0.5 1400.0 0.5 1400.0
0 1.0 2340.8 0.0 600.0
0 1.0 1731.8 0.0 400.0
evaluation 79
0 0.5 1400.0 0.5 1400.0
0 0.0 657.8 1.0 1100.0
0 1.0 2113.4 0.0 1000.0
evaluation 80
0 0.5 700.0 0.5 700.0
0 1.0 1313.2 0.0 600.0
0 1.0 3700.6 0.0 500.0
evaluation 81
0 0.0 700.0 1.0 2454.4
0 1.0 1595.6 0.0 1492.0
0 0.0 313.8 1.0 1821.8
evaluation 82
0 1.0 800.0 0.0 -150.79999999999995
0 0.0 105.20000000000005 1.0 4121.4
0 0.0 1958.2 1.0 3302.4
evaluation 83
0 0.0 900.0 1.0 2281.0
0 0.0 1649.8000000000002 1.0 2888.2
0 0.0 2812.6 1.0 4125.4
evaluation 84
0 0.0 -100.0 1.0 3605.6
0 0.0 1155.0 1.0 2563.4
0 0.0 518.0 1.0 4359.4
evaluation 85
0 0.0 -100.0 1.0 5045.0
0 0.0 2169.2 1.0 3236.2
0 0.0 1618.4 1.0 3015.6
evaluation 86
0 1.0 -700.0 0.0 -800.0
0 1.0 1020.8000000000001 0.0 -600.0
0 1.0 2068.0 0.0 -500.0
evaluation 87
0 1.0 -700.0 0.0 -800.0
0 1.0 1683.4 0.0 -500.0
0 1.0 1749.4 0.0 -200.0
evaluation 88
0 1.0 -700.0 0.0 -800.0
0 0.0 251.0 1.0 300.0
0 1.0 2711.1 0.0 -700.0
evaluation 89
0 1.0 200.0 0.0 -200.0
0 1.0 2147.7 0.0 1700.0
0 1.0 6023.3 0.0 700.0
evaluation 90
0 1.0 200.0 0.0 -200.0
0 1.0 5773.5 0.0 500.0
0 1.0 12956.3 0.0 800.0
evaluation 91
0 1.0 200.0 0.0 -200.0
0 1.0 8157.2 0.0 700.0
0 1.0 10936.1 0.0 1200.0
evaluation 92
0 1.0 100.0 0.0 -200.0
0 1.0 4207.5 0.0 800.0
0 1.0 10928.7 0.0 400.0
evaluation 93
0 1.0 100.0 0.0 -200.0
0 1.0 5903.5 0.0 800.0
0 1.0 4820.9 0.0 1200.0
evaluation 94
0 0.0 1000.0 1.0 4841.2
0 1.0 5424.9 0.0 2162.8
0 1.0 4422.7 0.0 1980.2
evaluation 95
0 0.0 1600.0 1.0 8044.1
0 1.0 3786.8 0.0 2521.7
0 1.0 9172.2 0.0 484.5
evaluation 96
0 0.0 1800.0 1.0 1988.9
0 0.0 6072.5 1.0 8929.7
0 1.0 5125.8 0.0 4995.1
evaluation 97
0 0.0 800.0 1.0 7077.6
0 1.0 7114.0 0.0 4090.4
0 1.0 8340.0 0.0 3242.8
evaluation 98
0 0.0 2700.0 1.0 5708.4
0 1.0 7702.4 0.0 7467.2
0 1.0 7651.2 0.0 4515.2
evaluation 99
0 0.0 1800.0 1.0 4799.2
0 0.0 5948.4 1.0 8604.8
0 1.0 4970.8 0.0 4200.4
0 0.0 1700.0 1.0 4053.6
0 1.0 4965.2 0.0 3746.0
0 0.0 6002.4 1.0 8348.4
10635851 ms elapsed
Best solution first found at eval: 25
Best solution: [9, 3, 8, 100, 2, 1, 1, 0, 0, 0, 1, 1, 0, 0, 0, 1, 1, 1, 0, 1, 1, 75, 0, 7, 0, 40, 2, 400, 250, 4]
Best fitness: 109.80799999999999
Final solution: [5, 8, 6, 120, 4, 0, 1, 1, 0, 1, 1, 1, 0, 0, 1, 1, 1, 0, 0, 1, 1, 75, 1, 4, 20, 30, 2, 400, 250, 2]
Final fitness: -2035.652
Number of visits to optimal: 0