Best fitness stats:
evaluation 0
0 1.0 400.0 0.0 0.0
0 1.0 2310.0 0.0 0.0
0 1.0 4100.0 0.0 0.0
evaluation 1
0 1.0 400.0 0.0 0.0
0 1.0 10.0 0.0 0.0
0 1.0 2110.0 0.0 0.0
evaluation 2
0 1.0 400.0 0.0 0.0
0 1.0 1030.0 0.0 0.0
0 1.0 1900.0 0.0 0.0
evaluation 3
0 1.0 800.0 0.0 0.0
0 1.0 110.0 0.0 0.0
0 1.0 1600.0 0.0 0.0
evaluation 4
0 1.0 400.0 0.0 0.0
0 1.0 10.0 0.0 0.0
0 1.0 2000.0 0.0 0.0
evaluation 5
0 1.0 400.0 0.0 0.0
0 1.0 310.0 0.0 0.0
0 1.0 2210.0 0.0 0.0
evaluation 6
0 1.0 510.0 0.0 0.0
0 1.0 2210.0 0.0 0.0
0 1.0 1830.0 0.0 0.0
evaluation 7
0 1.0 1500.0 0.0 0.0
0 1.0 2903.6 0.0 0.0
0 1.0 3802.4 0.0 0.0
evaluation 8
0 1.0 1910.0 0.0 0.0
0 1.0 3093.6 0.0 0.0
0 1.0 3300.0 0.0 0.0
evaluation 9
0 1.0 600.0 0.0 0.0
0 1.0 896.0 0.0 0.0
0 1.0 2008.4 0.0 0.0
evaluation 10
0 0.0 1000.0 1.0 1306.8
0 0.0 2200.0 1.0 2720.0
0 0.0 2294.8 1.0 3722.4
evaluation 11
0 0.0 1200.0 1.0 2110.0
0 0.0 1900.0 1.0 3430.0
0 1.0 5410.0 0.0 3710.0
evaluation 12
0 0.0 1300.0 1.0 2110.0
0 0.0 1700.0 1.0 1920.0
0 1.0 5720.0 0.0 1800.0
evaluation 13
0 0.0 1200.0 1.0 1320.0
0 1.0 3320.0 0.0 2910.0
0 1.0 5430.0 0.0 900.0
evaluation 14
0 0.0 900.0 1.0 1230.0
0 1.0 2020.0 0.0 1610.0
0 1.0 4200.0 0.0 910.0
evaluation 15
0 0.0 600.0 1.0 2420.0
0 0.0 400.0 1.0 1610.0
0 1.0 3200.0 0.0 2410.0
evaluation 16
0 0.0 1200.0 1.0 2810.0
0 0.0 1010.0 1.0 1320.0
0 1.0 1800.0 0.0 1310.0
evaluation 17
0 1.0 2600.0 0.0 2410.0
0 0.0 3910.0 1.0 4410.0
0 1.0 8010.0 0.0 5320.0
evaluation 18
0 0.0 1700.0 1.0 2910.0
0 1.0 1820.0 0.0 1610.0
0 1.0 8210.0 0.0 4110.0
evaluation 19
0 0.0 2700.0 1.0 3400.0
0 0.0 3720.0 1.0 4910.0
0 1.0 9020.0 0.0 3620.0
evaluation 20
0 0.0 3200.0 1.0 5420.0
0 1.0 5910.0 0.0 5610.0
0 1.0 3700.0 0.0 2400.0
evaluation 21
0 0.0 1000.0 1.0 2410.0
0 0.0 2800.0 1.0 3110.0
0 1.0 3510.0 0.0 2210.0
evaluation 22
0 0.0 1800.0 1.0 3520.0
0 1.0 3410.0 0.0 2210.0
0 1.0 3700.0 0.0 1420.0
evaluation 23
0 1.0 1300.0 0.0 0.0
0 1.0 3120.0 0.0 0.0
0 1.0 4210.0 0.0 0.0
evaluation 24
0 1.0 1300.0 0.0 0.0
0 1.0 1165.5 0.0 0.0
0 1.0 2363.3 0.0 0.0
evaluation 25
0 1.0 1300.0 0.0 0.0
0 1.0 3094.2 0.0 0.0
0 1.0 4703.9 0.0 0.0
evaluation 26
0 1.0 1610.0 0.0 0.0
0 1.0 879.6 0.0 0.0
0 1.0 4698.1 0.0 0.0
evaluation 27
0 1.0 1300.0 0.0 0.0
0 1.0 2677.1 0.0 0.0
0 1.0 5587.5 0.0 0.0
evaluation 28
0 1.0 1300.0 0.0 0.0
0 1.0 1973.7 0.0 0.0
0 1.0 3612.9 0.0 0.0
evaluation 29
0 1.0 1300.0 0.0 0.0
0 1.0 1764.1 0.0 0.0
0 1.0 1759.8 0.0 0.0
evaluation 30
0 0.5 0.0 0.5 0.0
0 1.0 306.9 0.0 0.0
0 1.0 317.1 0.0 0.0
evaluation 31
0 0.5 0.0 0.5 0.0
0 1.0 85.2 0.0 0.0
0 1.0 1211.8 0.0 0.0
evaluation 32
0 1.0 400.0 0.0 -144.7
0 0.0 620.2 1.0 889.3
0 1.0 943.3 0.0 0.0
evaluation 33
0 0.5 0.0 0.5 0.0
0 1.0 625.2 0.0 400.0
0 1.0 1076.9 0.0 300.0
evaluation 34
0 0.5 0.0 0.5 0.0
0 1.0 1713.2 0.0 400.0
0 0.0 464.79999999999995 1.0 800.0
evaluation 35
0 0.5 0.0 0.5 0.0
0 0.0 616.8 1.0 1400.0
0 0.0 920.4 1.0 1000.0
evaluation 36
0 0.5 0.0 0.5 0.0
0 0.0 508.8 1.0 1000.0
0 1.0 2208.0 0.0 1700.0
evaluation 37
0 0.0 -798.8000000000001 1.0 0.0
0 0.0 153.2 1.0 1000.0
0 0.0 594.4 1.0 900.0
evaluation 38
0 0.5 0.0 0.5 0.0
0 0.0 194.4 1.0 300.0
0 1.0 412.0 0.0 200.0
evaluation 39
0 0.5 0.0 0.5 0.0
0 0.0 300.0 1.0 400.0
0 1.0 2110.0 0.0 1000.0
evaluation 40
0 0.5 0.0 0.5 0.0
0 0.5 0.0 0.5 0.0
0 1.0 1520.0 0.0 0.0
evaluation 41
0 0.5 900.0 0.5 900.0
0 0.0 110.0 1.0 1300.0
0 1.0 2010.0 0.0 1000.0
evaluation 42
0 0.5 900.0 0.5 900.0
0 1.0 1400.0 0.0 1100.0
0 1.0 1610.0 0.0 900.0
evaluation 43
0 0.5 900.0 0.5 900.0
0 0.0 810.0 1.0 1000.0
0 1.0 8140.0 0.0 900.0
evaluation 44
0 0.5 1000.0 0.5 1000.0
0 1.0 2320.0 0.0 1200.0
0 1.0 4910.0 0.0 900.0
evaluation 45
0 0.5 1100.0 0.5 1100.0
0 1.0 2205.6 0.0 1000.0
0 1.0 7119.6 0.0 1200.0
evaluation 46
0 0.5 1100.0 0.5 1100.0
0 1.0 3000.0 0.0 1300.0
0 1.0 3410.0 0.0 900.0
evaluation 47
0 0.5 1100.0 0.5 1100.0
0 1.0 2710.0 0.0 1500.0
0 1.0 7620.0 0.0 1200.0
evaluation 48
0 1.0 1100.0 0.0 1000.0
0 1.0 3020.0 0.0 1200.0
0 1.0 5410.0 0.0 1000.0
evaluation 49
0 1.0 1100.0 0.0 1000.0
0 0.0 1000.0 1.0 1200.0
0 1.0 5530.0 0.0 1100.0
evaluation 50
0 1.0 1100.0 0.0 0.0
0 1.0 110.0 0.0 0.0
0 1.0 1910.0 0.0 0.0
evaluation 51
0 1.0 1000.0 0.0 0.0
0 1.0 1010.0 0.0 0.0
0 1.0 3200.0 0.0 0.0
evaluation 52
0 1.0 1000.0 0.0 0.0
0 1.0 700.0 0.0 0.0
0 1.0 2900.0 0.0 0.0
evaluation 53
0 1.0 1000.0 0.0 0.0
0 1.0 5220.0 0.0 0.0
0 1.0 2600.0 0.0 0.0
evaluation 54
0 1.0 310.0 0.0 0.0
0 1.0 10.0 0.0 0.0
0 1.0 4110.0 0.0 0.0
evaluation 55
0 1.0 300.0 0.0 0.0
0 1.0 3010.0 0.0 0.0
0 1.0 4600.0 0.0 0.0
evaluation 56
0 1.0 810.0 0.0 0.0
0 1.0 110.0 0.0 0.0
0 1.0 3810.0 0.0 0.0
evaluation 57
0 1.0 400.0 0.0 0.0
0 0.5 0.0 0.5 0.0
0 1.0 4120.0 0.0 0.0
evaluation 58
0 1.0 400.0 0.0 0.0
0 1.0 620.0 0.0 0.0
0 1.0 1830.0 0.0 0.0
evaluation 59
0 1.0 400.0 0.0 0.0
0 1.0 430.0 0.0 0.0
0 1.0 1320.0 0.0 0.0
evaluation 60
0 0.5 0.0 0.5 0.0
0 1.0 820.0 0.0 0.0
0 1.0 1340.0 0.0 0.0
evaluation 61
0 0.5 0.0 0.5 0.0
0 1.0 2500.0 0.0 0.0
0 1.0 1620.0 0.0 0.0
evaluation 62
0 0.5 0.0 0.5 0.0
0 1.0 100.0 0.0 0.0
0 1.0 7120.0 0.0 0.0
evaluation 63
0 0.0 0.0 1.0 10.0
0 1.0 2317.6 0.0 0.0
0 1.0 3920.0 0.0 0.0
evaluation 64
0 0.5 0.0 0.5 0.0
0 1.0 1307.6 0.0 0.0
0 1.0 2710.0 0.0 0.0
evaluation 65
0 0.5 0.0 0.5 0.0
0 1.0 1191.6 0.0 0.0
0 1.0 700.0 0.0 0.0
evaluation 66
0 0.5 0.0 0.5 0.0
0 1.0 1500.0 0.0 0.0
0 1.0 995.8 0.0 10.0
evaluation 67
0 0.5 0.0 0.5 0.0
0 1.0 1010.0 0.0 0.0
0 1.0 1698.2 0.0 0.0
evaluation 68
0 0.5 0.0 0.5 0.0
0 1.0 4998.3 0.0 0.0
0 1.0 1308.2 0.0 0.0
evaluation 69
0 0.5 0.0 0.5 0.0
0 1.0 97.9 0.0 0.0
0 0.5 0.0 0.5 0.0
evaluation 70
0 0.5 0.0 0.5 0.0
0 1.0 1497.3 0.0 0.0
0 1.0 1806.1 0.0 0.0
evaluation 71
0 0.5 0.0 0.5 0.0
0 1.0 81.4 0.0 0.0
0 1.0 18.5 0.0 0.0
evaluation 72
0 0.5 0.0 0.5 0.0
0 1.0 802.8 0.0 0.0
0 1.0 10.0 0.0 0.0
evaluation 73
0 0.5 0.0 0.5 0.0
0 1.0 3292.5 0.0 0.0
0 1.0 1610.0 0.0 0.0
evaluation 74
0 1.0 1200.0 0.0 0.0
0 1.0 1604.0 0.0 10.0
0 1.0 5296.7 0.0 0.0
evaluation 75
0 1.0 1200.0 0.0 0.0
0 1.0 2314.9 0.0 0.0
0 1.0 4897.3 0.0 0.0
evaluation 76
0 1.0 1200.0 0.0 0.0
0 1.0 997.0 0.0 0.0
0 1.0 3091.6 0.0 0.0
evaluation 77
0 1.0 1200.0 0.0 0.0
0 1.0 2105.5 0.0 0.0
0 1.0 6606.1 0.0 0.0
evaluation 78
0 1.0 1200.0 0.0 0.0
0 1.0 3103.7 0.0 0.0
0 1.0 4006.1 0.0 0.0
evaluation 79
0 1.0 1200.0 0.0 10.0
0 1.0 1490.1 0.0 0.0
0 1.0 8110.0 0.0 0.0
evaluation 80
0 1.0 1000.0 0.0 0.0
0 1.0 1995.3 0.0 0.0
0 1.0 4407.9 0.0 0.0
evaluation 81
0 1.0 1000.0 0.0 0.0
0 1.0 2117.6 0.0 0.0
0 1.0 3097.9 0.0 0.0
evaluation 82
0 0.5 0.0 0.5 0.0
0 1.0 1291.6 0.0 0.0
0 1.0 906.4 0.0 0.0
evaluation 83
0 0.5 0.0 0.5 0.0
0 1.0 1996.6 0.0 0.0
0 1.0 1209.8 0.0 0.0
evaluation 84
0 0.5 0.0 0.5 0.0
0 1.0 1790.1 0.0 0.0
0 1.0 3010.8 0.0 0.0
evaluation 85
0 0.5 0.0 0.5 0.0
0 1.0 2006.3 0.0 0.0
0 1.0 2397.3 0.0 0.0
evaluation 86
0 0.5 0.0 0.5 0.0
0 1.0 2187.0 0.0 0.0
0 1.0 289.1 0.0 0.0
evaluation 87
0 0.5 0.0 0.5 0.0
0 1.0 996.6 0.0 0.0
0 1.0 887.1 0.0 0.0
evaluation 88
0 1.0 1000.0 0.0 0.0
0 1.0 2292.6 0.0 0.0
0 1.0 5800.1 0.0 0.0
evaluation 89
0 1.0 1000.0 0.0 0.0
0 1.0 1902.0 0.0 0.0
0 1.0 4199.0 0.0 0.0
evaluation 90
0 1.0 1000.0 0.0 0.0
0 1.0 1792.7 0.0 0.0
0 1.0 4693.4 0.0 0.0
evaluation 91
0 1.0 1000.0 0.0 0.0
0 1.0 1984.0 0.0 0.0
0 1.0 4291.1 0.0 0.0
evaluation 92
0 1.0 1000.0 0.0 10.0
0 1.0 2603.9 0.0 0.0
0 1.0 4995.6 0.0 0.0
evaluation 93
0 1.0 1000.0 0.0 0.0
0 1.0 2596.0 0.0 0.0
0 1.0 5101.0 0.0 0.0
evaluation 94
0 1.0 1000.0 0.0 0.0
0 1.0 1787.8 0.0 10.0
0 1.0 5411.4 0.0 0.0
evaluation 95
0 1.0 1000.0 0.0 0.0
0 1.0 2811.0 0.0 0.0
0 1.0 3582.9 0.0 0.0
evaluation 96
0 1.0 1000.0 0.0 0.0
0 1.0 1943.6 0.0 0.0
0 1.0 3381.6 0.0 0.0
evaluation 97
0 1.0 1000.0 0.0 0.0
0 1.0 2462.8 0.0 0.0
0 1.0 6104.8 0.0 0.0
evaluation 98
0 1.0 1000.0 0.0 0.0
0 1.0 1484.4 0.0 0.0
0 1.0 3305.2 0.0 0.0
evaluation 99
0 1.0 1000.0 0.0 0.0
0 1.0 2383.2 0.0 0.0
0 1.0 3512.4 0.0 0.0
0 1.0 1000.0 0.0 0.0
0 1.0 2488.0 0.0 0.0
0 1.0 3164.8 0.0 0.0
1857744 ms elapsed
Best solution first found at eval: 63
Best solution: [2, 7, 4, 40, 1, 1, 0, 0, 0, 1, 1, 1, 1, 1, 1, 1, 1, 1, 0, 0, 0, 25, 2, 0, 0, 10, 1, 400, 200, 1]
Best fitness: 70.20000000000005
Final solution: [10, 9, 4, 40, 1, 1, 1, 0, 0, 1, 1, 1, 1, 1, 1, 1, 1, 1, 0, 0, 0, 75, 3, 8, 0, 30, 1, 400, 250, 1]
Final fitness: 6.767999999999802
Number of visits to optimal: 0
Total number of evaluations: 101

evaluation 0
0 0.5 0.0 0.5 0.0
0 1.0 388.7 0.0 0.0
0 1.0 1100.7 0.0 0.0
evaluation 1
0 0.5 0.0 0.5 0.0
0 1.0 1492.4 0.0 200.0
0 1.0 13.4 0.0 0.0
evaluation 2
0 0.0 0.0 1.0 10.0
0 0.0 -19.5 1.0 0.0
0 1.0 2395.0 0.0 300.0
evaluation 3
0 0.5 0.0 0.5 0.0
0 0.0 -68.0 1.0 0.0
0 1.0 3455.5 0.0 0.0
evaluation 4
0 0.5 0.0 0.5 0.0
0 0.0 -40.5 1.0 0.0
0 0.0 -24.0 1.0 500.0
evaluation 5
0 0.5 0.0 0.5 0.0
0 1.0 1790.5 0.0 0.0
0 1.0 2666.0 0.0 100.0
evaluation 6
0 0.5 0.0 0.5 0.0
0 1.0 1299.0 0.0 0.0
0 1.0 600.0 0.0 0.0
evaluation 7
0 0.5 0.0 0.5 0.0
0 0.0 -3.0 1.0 0.0
0 1.0 1707.5 0.0 1100.0
evaluation 8
0 0.5 0.0 0.5 0.0
0 1.0 987.5 0.0 0.0
0 1.0 4495.0 0.0 0.0
evaluation 9
0 0.5 0.0 0.5 0.0
0 1.0 3378.5 0.0 0.0
0 1.0 3292.5 0.0 0.0
evaluation 10
0 0.5 1300.0 0.5 1300.0
0 0.0 873.0 1.0 1200.0
0 1.0 4194.5 0.0 900.0
evaluation 11
0 0.5 1300.0 0.5 1300.0
0 0.0 548.5 1.0 1300.0
0 1.0 8215.5 0.0 900.0
evaluation 12
0 0.0 900.0 1.0 1210.0
0 0.0 581.5 1.0 1100.0
0 1.0 6479.5 0.0 900.0
evaluation 13
0 0.5 900.0 0.5 900.0
0 1.0 1228.5 0.0 1100.0
0 1.0 5888.0 0.0 1000.0
evaluation 14
0 0.5 900.0 0.5 900.0
0 1.0 2414.0 0.0 900.0
0 1.0 7988.0 0.0 1000.0
evaluation 15
0 0.5 600.0 0.5 600.0
0 1.0 2254.0 0.0 1300.0
0 1.0 4592.0 0.0 900.0
evaluation 16
0 0.5 600.0 0.5 600.0
0 1.0 2137.0 0.0 1600.0
0 1.0 4478.0 0.0 1100.0
evaluation 17
0 0.5 600.0 0.5 600.0
0 1.0 3482.0 0.0 1100.0
0 1.0 4687.5 0.0 1100.0
evaluation 18
0 0.5 600.0 0.5 600.0
0 1.0 3015.0 0.0 800.0
0 1.0 4057.5 0.0 1200.0
evaluation 19
0 0.5 600.0 0.5 600.0
0 1.0 1552.0 0.0 1300.0
0 1.0 5304.0 0.0 1200.0
evaluation 20
0 0.5 2000.0 0.5 2000.0
0 1.0 3031.6 0.0 2000.0
0 1.0 4078.4 0.0 1800.0
evaluation 21
0 0.5 2000.0 0.5 2000.0
0 1.0 3083.2 0.0 1800.0
0 1.0 3656.0 0.0 2000.0
evaluation 22
0 1.0 2100.0 0.0 100.0
0 1.0 3600.4 0.0 800.0
0 1.0 11236.0 0.0 200.0
evaluation 23
0 0.5 1100.0 0.5 1100.0
0 1.0 3480.8 0.0 900.0
0 1.0 7712.0 0.0 0.0
evaluation 24
0 0.5 1100.0 0.5 1100.0
0 1.0 3280.0 0.0 -200.0
0 1.0 10104.4 0.0 0.0
evaluation 25
0 0.5 1900.0 0.5 1900.0
0 1.0 2980.0 0.0 2300.0
0 1.0 3863.6 0.0 1600.0
evaluation 26
0 0.5 1900.0 0.5 1900.0
0 1.0 4208.8 0.0 1600.0
0 1.0 6514.4 0.0 1900.0
evaluation 27
0 0.5 1900.0 0.5 1900.0
0 1.0 3148.8 0.0 1900.0
0 1.0 4116.0 0.0 1600.0
evaluation 28
0 0.5 2000.0 0.5 2000.0
0 1.0 2497.6 0.0 2300.0
0 1.0 7876.8 0.0 1600.0
evaluation 29
0 1.0 2000.0 0.0 0.0
0 1.0 7496.0 0.0 0.0
0 1.0 8154.0 0.0 0.0
evaluation 30
0 1.0 2000.0 0.0 0.0
0 1.0 3016.0 0.0 0.0
0 1.0 9588.8 0.0 0.0
evaluation 31
0 1.0 4000.0 0.0 0.0
0 1.0 3333.2 0.0 10.0
0 1.0 9386.8 0.0 0.0
evaluation 32
0 1.0 4000.0 0.0 0.0
0 1.0 2132.8 0.0 0.0
0 1.0 8520.0 0.0 0.0
evaluation 33
0 1.0 4000.0 0.0 0.0
0 1.0 4532.4 0.0 0.0
0 1.0 15596.8 0.0 0.0
evaluation 34
0 1.0 4000.0 0.0 0.0
0 1.0 1890.8 0.0 0.0
0 1.0 9665.6 0.0 0.0
evaluation 35
0 1.0 4000.0 0.0 0.0
0 1.0 3172.8 0.0 0.0
0 1.0 9757.6 0.0 0.0
evaluation 36
0 0.0 2000.0 1.0 2508.0
0 1.0 3717.2 0.0 2097.6
0 1.0 3874.8 0.0 2360.4
evaluation 37
0 1.0 1700.0 0.0 1182.8
0 1.0 2304.0 0.0 1689.4
0 1.0 6595.6 0.0 4019.8
evaluation 38
0 1.0 3200.0 0.0 2184.8
0 1.0 4208.8 0.0 2181.8
0 1.0 5982.4 0.0 2097.4
evaluation 39
0 0.0 900.0 1.0 3186.6
0 0.0 2989.0 1.0 3478.6
0 1.0 8979.8 0.0 2682.4
evaluation 40
0 0.0 2000.0 1.0 2511.6
0 1.0 3484.0 0.0 3426.6
0 1.0 10420.4 0.0 3922.2
evaluation 41
0 1.0 2200.0 0.0 2105.0
0 1.0 4138.2 0.0 1621.0
0 1.0 4845.2 0.0 2895.4
evaluation 42
0 0.0 900.0 1.0 6094.2
0 0.0 3328.8 1.0 8517.2
0 0.0 7235.8 1.0 8738.8
evaluation 43
0 0.0 1400.0 1.0 9342.8
0 0.0 2942.0 1.0 3840.6
0 0.0 5725.4 1.0 12035.6
evaluation 44
0 1.0 2200.0 0.0 -390.0
0 1.0 2435.8 0.0 -400.0
0 1.0 11347.6 0.0 -400.0
evaluation 45
0 0.0 900.0 1.0 5698.4
0 1.0 4290.4 0.0 4212.0
0 0.0 4530.0 1.0 5187.0
evaluation 46
0 0.0 2200.0 1.0 4702.6
0 0.0 3902.8 1.0 6123.0
0 1.0 9935.4 0.0 6098.4
evaluation 47
0 0.0 2400.0 1.0 4600.8
0 0.0 4203.0 1.0 4204.6
0 1.0 9606.6 0.0 7007.8
evaluation 48
0 0.0 2600.0 1.0 3198.6
0 1.0 4797.6 0.0 4509.2
0 1.0 10129.2 0.0 4000.0
evaluation 49
0 0.0 2600.0 1.0 6409.4
0 1.0 8119.2 0.0 3309.6
0 1.0 4610.0 0.0 4097.2
evaluation 50
0 0.0 3200.0 1.0 3998.6
0 0.0 3309.2 1.0 5417.8
0 1.0 7800.0 0.0 1719.0
evaluation 51
0 1.0 3600.0 0.0 3397.8
0 1.0 4699.2 0.0 1698.2
0 1.0 7308.2 0.0 6309.2
evaluation 52
0 0.0 3300.0 1.0 4506.0
0 1.0 5706.0 0.0 4005.2
0 1.0 10910.0 0.0 8310.0
evaluation 53
0 1.0 2800.0 0.0 1605.2
0 1.0 5215.2 0.0 2802.0
0 1.0 6200.0 0.0 5410.0
evaluation 54
0 0.0 2200.0 1.0 3104.4
0 1.0 3500.0 0.0 2092.0
0 1.0 5816.8 0.0 2410.0
evaluation 55
0 0.0 2400.0 1.0 5906.1
0 0.0 4107.6 1.0 4609.1
0 1.0 8800.0 0.0 3010.0
evaluation 56
0 0.0 2200.0 1.0 6017.3
0 1.0 5007.6 0.0 4507.9
0 1.0 6700.0 0.0 3820.0
evaluation 57
0 0.0 1500.0 1.0 6117.9
0 1.0 5696.7 0.0 4808.8
0 1.0 4797.9 0.0 4719.1
evaluation 58
0 0.0 1700.0 1.0 2407.9
0 0.0 2596.7 1.0 11030.0
0 1.0 10127.9 0.0 3801.9
evaluation 59
0 1.0 3500.0 0.0 3003.7
0 1.0 3418.8 0.0 3002.5
0 1.0 7407.9 0.0 4084.7
evaluation 60
0 0.0 4500.0 1.0 5607.9
0 1.0 6305.5 0.0 6095.8
0 1.0 8796.1 0.0 5015.5
evaluation 61
0 0.0 5410.0 1.0 6397.2
0 0.0 5288.0 1.0 7594.0
0 0.0 6495.2 1.0 7518.0
evaluation 62
0 0.0 4100.0 1.0 6997.2
0 1.0 9519.6 0.0 5397.6
0 0.0 8810.0 1.0 10017.6
evaluation 63
0 0.0 4300.0 1.0 5700.4
0 1.0 9313.6 0.0 8191.2
0 1.0 12810.0 0.0 7995.2
evaluation 64
0 1.0 3200.0 0.0 2386.8
0 1.0 3665.6 0.0 2340.8
0 1.0 6864.8 0.0 3452.8
evaluation 65
0 0.0 3000.0 1.0 7782.0
0 0.0 6678.0 1.0 7799.2
0 1.0 10811.2 0.0 6578.0
evaluation 66
0 0.0 3310.0 1.0 4140.8
0 1.0 5753.6 0.0 5363.2
0 1.0 4575.2 0.0 1152.0
evaluation 67
0 0.0 2100.0 1.0 2874.8
0 0.0 3862.4 1.0 6156.4
0 1.0 4678.4 0.0 2068.0
evaluation 68
0 0.0 3000.0 1.0 4456.0
0 0.0 1553.6 1.0 5574.8
0 1.0 6293.2 0.0 3960.8
evaluation 69
0 0.0 4000.0 1.0 4265.2
0 0.0 7378.0 1.0 7758.0
0 0.0 6069.2 1.0 7045.2
evaluation 70
0 0.0 3300.0 1.0 4670.8
0 0.0 2452.8 1.0 8650.8
0 1.0 9596.4 0.0 8758.4
evaluation 71
0 1.0 3300.0 0.0 2831.2
0 1.0 5551.2 0.0 3823.6
0 1.0 9086.8 0.0 5861.2
evaluation 72
0 0.0 3500.0 1.0 5753.6
0 1.0 6862.8 0.0 5870.8
0 1.0 8399.6 0.0 7768.0
evaluation 73
0 0.0 2100.0 1.0 2436.0
0 1.0 9068.0 0.0 2940.0
0 1.0 7089.6 0.0 5508.0
evaluation 74
0 0.0 3200.0 1.0 4042.4
0 0.0 3885.2 1.0 4974.8
0 1.0 6377.6 0.0 5047.6
evaluation 75
0 0.0 4000.0 1.0 4455.6
0 0.0 8008.4 1.0 9660.4
0 0.0 3784.4 1.0 5459.2
evaluation 76
0 0.0 2900.0 1.0 4689.2
0 1.0 8183.2 0.0 6200.8
0 1.0 9301.2 0.0 6894.8
evaluation 77
0 0.0 2300.0 1.0 4975.2
0 0.0 6279.2 1.0 8301.2
0 1.0 9616.0 0.0 3771.2
evaluation 78
0 0.0 2900.0 1.0 5483.6
0 1.0 6886.0 0.0 5884.4
0 1.0 8483.2 0.0 5280.8
evaluation 79
0 0.0 2700.0 1.0 6687.2
0 1.0 9201.6 0.0 6976.4
0 1.0 15591.6 0.0 3680.0
evaluation 80
0 0.0 4700.0 1.0 8111.2
0 0.0 6087.6 1.0 7681.2
0 1.0 10502.8 0.0 6898.0
evaluation 81
0 0.0 2100.0 1.0 4986.0
0 1.0 10507.6 0.0 3272.0
0 1.0 7396.4 0.0 4688.0
evaluation 82
0 0.0 2900.0 1.0 6979.3
0 1.0 6982.1 0.0 4285.7
0 0.0 6999.2 1.0 7478.5
evaluation 83
0 0.0 2700.0 1.0 10094.7
0 0.0 7984.7 1.0 8788.4
0 0.0 8000.2 1.0 9496.4
evaluation 84
0 0.0 3400.0 1.0 10906.4
0 0.0 2376.6 1.0 5787.5
0 0.0 6302.8 1.0 8690.3
evaluation 85
0 0.0 3100.0 1.0 6199.2
0 0.0 6168.6 1.0 8889.2
0 1.0 7883.0 0.0 7782.9
evaluation 86
0 0.0 2600.0 1.0 4073.9
0 0.0 6166.8 1.0 7480.4
0 0.0 4858.7 1.0 11193.0
evaluation 87
0 0.0 2900.0 1.0 9210.4
0 0.0 6764.6 1.0 12594.2
0 0.0 2958.6 1.0 5673.6
evaluation 88
0 0.0 3000.0 1.0 11099.2
0 0.0 4198.0 1.0 4802.2
0 0.0 5281.4 1.0 10502.8
evaluation 89
0 0.0 2700.0 1.0 6870.4
0 0.0 7450.2 1.0 8289.0
0 1.0 5956.8 0.0 5370.6
evaluation 90
0 0.0 2800.0 1.0 5083.2
0 1.0 5486.4 0.0 4775.4
0 0.0 6055.4 1.0 7897.4
evaluation 91
0 0.0 4300.0 1.0 11315.8
0 0.0 6995.8 1.0 7398.2
0 0.0 7401.6 1.0 8210.0
evaluation 92
0 0.0 2600.0 1.0 7320.0
0 0.0 7905.2 1.0 9710.0
0 0.0 6600.0 1.0 9524.0
evaluation 93
0 0.0 2400.0 1.0 11356.6
0 0.0 6287.0 1.0 7615.4
0 0.0 5671.0 1.0 9948.0
evaluation 94
0 1.0 2400.0 0.0 2295.8
0 1.0 7115.6 0.0 3159.4
0 1.0 12024.8 0.0 0.0
evaluation 95
0 0.0 3000.0 1.0 4140.3
0 1.0 7172.3 0.0 -302.79999999999995
0 1.0 9994.2 0.0 0.0
evaluation 96
0 0.0 2300.0 1.0 3707.1
0 1.0 9063.5 0.0 589.7
0 1.0 7986.0 0.0 0.0
evaluation 97
0 1.0 2200.0 0.0 0.0
0 1.0 4273.5 0.0 0.0
0 1.0 3069.7 0.0 0.0
evaluation 98
0 1.0 4000.0 0.0 0.0
0 1.0 5465.9 0.0 0.0
0 1.0 7279.1 0.0 0.0
evaluation 99
0 1.0 4000.0 0.0 0.0
0 1.0 5064.3 0.0 0.0
0 1.0 3382.6 0.0 0.0
0 1.0 4000.0 0.0 0.0
0 1.0 2810.0 0.0 0.0
0 1.0 8513.6 0.0 0.0
2804907 ms elapsed
Best solution first found at eval: 80
Best solution: [6, 7, 6, 120, 3, 1, 0, 1, 1, 0, 0, 1, 1, 0, 1, 1, 1, 1, 1, 1, 1, 25, 2, 8, 10, 40, 2, 400, 200, 3]
Best fitness: 96.86399999999992
Final solution: [9, 9, 6, 60, 1, 1, 0, 1, 0, 0, 0, 1, 1, 0, 1, 1, 1, 1, 1, 1, 1, 75, 0, 8, 0, 20, 2, 400, 200, 1]
Final fitness: -11.900000000000091
Number of visits to optimal: 0
Total number of evaluations: 101

evaluation 0
0 0.0 3100.0 1.0 6940.9
0 0.0 5057.1 1.0 7570.5
0 0.0 6879.5 1.0 8855.2
evaluation 1
0 0.0 3700.0 1.0 10305.6
0 0.0 6680.5 1.0 9448.0
0 1.0 7731.0 0.0 6357.8
evaluation 2
0 1.0 3200.0 0.0 2706.5
0 0.0 6062.4 1.0 7796.5
0 1.0 9222.0 0.0 7538.9
evaluation 3
0 0.0 4200.0 1.0 8936.3
0 0.0 2811.1 1.0 6179.4
0 0.0 6358.9 1.0 9265.1
evaluation 4
0 0.0 4000.0 1.0 9334.5
0 0.0 8189.4 1.0 8259.6
0 0.0 7660.5 1.0 13743.5
evaluation 5
0 0.0 3400.0 1.0 11576.1
0 0.0 5299.6 1.0 9202.2
0 0.0 10045.5 1.0 10762.5
evaluation 6
0 0.0 4500.0 1.0 6064.3
0 0.0 8677.9 1.0 8879.6
0 1.0 7193.2 0.0 6053.5
evaluation 7
0 0.0 2900.0 1.0 3997.5
0 0.0 6761.5 1.0 7994.1
0 0.0 4432.0 1.0 5853.5
evaluation 8
0 0.0 2500.0 1.0 5620.0
0 1.0 8930.0 0.0 4600.0
0 1.0 6820.0 0.0 6710.0
evaluation 9
0 0.0 2300.0 1.0 6210.0
0 0.0 5910.0 1.0 6210.0
0 0.0 6010.0 1.0 9020.0
evaluation 10
0 0.0 4200.0 1.0 5410.0
0 1.0 6610.0 0.0 6500.0
0 0.0 8300.0 1.0 11730.0
evaluation 11
0 0.0 4300.0 1.0 5910.0
0 1.0 8910.0 0.0 8300.0
0 0.0 5710.0 1.0 6720.0
evaluation 12
0 0.0 4100.0 1.0 4300.0
0 1.0 9310.0 0.0 7200.0
0 1.0 7420.0 0.0 5900.0
evaluation 13
0 0.0 3300.0 1.0 5700.0
0 1.0 9420.0 0.0 7700.0
0 1.0 6410.0 0.0 4700.0
evaluation 14
0 0.0 3200.0 1.0 6310.0
0 0.0 5200.0 1.0 9700.0
0 0.0 8610.0 1.0 10600.0
evaluation 15
0 0.0 1900.0 1.0 6510.0
0 0.0 4400.0 1.0 10010.0
0 0.0 8900.0 1.0 11210.0
evaluation 16
0 0.0 3600.0 1.0 4500.0
0 0.0 8000.0 1.0 9820.0
0 0.0 7800.0 1.0 7910.0
evaluation 17
0 0.0 4600.0 1.0 10710.0
0 0.0 5500.0 1.0 8920.0
0 1.0 10620.0 0.0 8600.0
evaluation 18
0 0.0 800.0 1.0 16520.0
0 0.0 8410.0 1.0 10200.0
0 0.0 3410.0 1.0 14020.0
evaluation 19
0 0.0 2200.0 1.0 3010.0
0 1.0 910.0 0.0 10.0
0 0.0 4220.0 1.0 4800.0
evaluation 20
0 1.0 1800.0 0.0 0.0
0 1.0 9910.0 0.0 0.0
0 1.0 14620.0 0.0 0.0
evaluation 21
0 1.0 700.0 0.0 0.0
0 1.0 1267.7 0.0 0.0
0 1.0 3306.4 0.0 0.0
evaluation 22
0 1.0 700.0 0.0 0.0
0 1.0 2275.7 0.0 0.0
0 1.0 2596.4 0.0 0.0
evaluation 23
0 1.0 700.0 0.0 0.0
0 1.0 3185.7 0.0 0.0
0 1.0 2302.8 0.0 0.0
evaluation 24
0 1.0 1000.0 0.0 0.0
0 1.0 2292.9 0.0 0.0
0 1.0 2191.9 0.0 0.0
evaluation 25
0 1.0 1000.0 0.0 0.0
0 1.0 3083.0 0.0 0.0
0 1.0 5819.1 0.0 0.0
evaluation 26
0 1.0 700.0 0.0 0.0
0 1.0 1677.6 0.0 0.0
0 1.0 3277.5 0.0 0.0
evaluation 27
0 1.0 700.0 0.0 0.0
0 1.0 2292.1 0.0 0.0
0 1.0 4398.3 0.0 0.0
evaluation 28
0 1.0 700.0 0.0 0.0
0 1.0 156.8 0.0 0.0
0 1.0 5786.5 0.0 0.0
evaluation 29
0 1.0 1000.0 0.0 0.0
0 1.0 3183.9 0.0 0.0
0 1.0 6512.8 0.0 0.0
evaluation 30
0 1.0 1000.0 0.0 0.0
0 1.0 1992.0 0.0 0.0
0 1.0 3095.8 0.0 0.0
evaluation 31
0 1.0 1000.0 0.0 0.0
0 1.0 1084.4 0.0 0.0
0 1.0 3198.2 0.0 0.0
evaluation 32
0 1.0 -1400.0 0.0 -3600.0
0 1.0 4524.6 0.0 -3600.0
0 1.0 2630.8 0.0 -3600.0
evaluation 33
0 0.0 -2300.0 1.0 2012.6000000000001
0 1.0 2503.2 0.0 905.6000000000001
0 1.0 3628.8 0.0 -3600.0
evaluation 34
0 0.0 -2500.0 1.0 1498.4
0 1.0 329.0 0.0 -463.79999999999995
0 1.0 3833.8 0.0 -3600.0
evaluation 35
0 0.0 -2200.0 1.0 2382.2
0 1.0 1949.2 0.0 1698.2
0 1.0 3175.8 0.0 -3600.0
evaluation 36
0 0.0 -1000.0 1.0 -147.0
0 1.0 5692.0 0.0 1730.8
0 1.0 2908.2 0.0 -2400.0
evaluation 37
0 0.0 -1400.0 1.0 145.20000000000005
0 1.0 1031.6 0.0 658.4000000000001
0 1.0 3152.4 0.0 -2400.0
evaluation 38
0 0.0 -1400.0 1.0 819.6000000000001
0 1.0 2678.2 0.0 1267.6
0 1.0 223.0 0.0 -2400.0
evaluation 39
0 0.0 -1400.0 1.0 202.80000000000007
0 1.0 2633.2 0.0 1202.4
0 1.0 2680.2 0.0 -2400.0
evaluation 40
0 0.0 -2300.0 1.0 438.4000000000001
0 1.0 3557.6000000000004 0.0 1929.4
0 1.0 5332.2 0.0 -3600.0
evaluation 41
0 0.0 -2700.0 1.0 2279.4
0 0.0 -173.79999999999995 1.0 276.79999999999995
0 1.0 4138.6 0.0 -3600.0
evaluation 42
0 0.0 -2300.0 1.0 719.6000000000001
0 0.0 649.6000000000001 1.0 708.4000000000001
0 1.0 3015.2 0.0 -3600.0
evaluation 43
0 0.0 -2500.0 1.0 1162.8
0 0.0 1349.6000000000001 1.0 2609.6000000000004
0 1.0 4430.6 0.0 1435.6000000000001
evaluation 44
0 0.0 -2100.0 1.0 -132.20000000000005
0 0.0 394.79999999999995 1.0 2207.2
0 1.0 4808.8 0.0 886.6000000000001
evaluation 45
0 0.0 -2100.0 1.0 712.6000000000001
0 1.0 3108.0 0.0 -673.2
0 1.0 4787.2 0.0 2291.4
evaluation 46
0 0.0 -1800.0 1.0 1402.6000000000001
0 1.0 2860.0 0.0 362.4000000000001
0 1.0 2793.2 0.0 -191.79999999999995
evaluation 47
0 0.0 -600.0 1.0 2613.7
0 1.0 2328.0 0.0 2065.3
0 1.0 3377.9 0.0 1571.3000000000002
evaluation 48
0 0.0 -1611.8999999999996 1.0 2552.8
0 1.0 885.1000000000001 0.0 -915.8
0 1.0 83.40000000000009 0.0 -320.1999999999998
evaluation 49
0 0.0 -600.0 1.0 940.8000000000001
0 1.0 1222.2 0.0 595.2
0 0.0 1068.0 1.0 3486.6
evaluation 50
0 0.0 -1700.0 1.0 -1171.4999999999998
0 1.0 1596.7000000000003 0.0 -986.0999999999999
0 1.0 -615.4000000000001 0.0 -1162.3999999999996
evaluation 51
0 0.0 1200.0 1.0 2041.6
0 1.0 1738.0 0.0 1144.4
0 0.0 670.0 1.0 1146.5
evaluation 52
0 0.0 1300.0 1.0 1990.6
0 0.0 257.4 1.0 3283.7
0 0.0 1744.7 1.0 2556.9
evaluation 53
0 0.0 1500.0 1.0 2059.5
0 1.0 1110.2 0.0 497.0
0 1.0 6134.4 0.0 282.09999999999997
evaluation 54
0 1.0 -1700.0 0.0 -1899.6000000000004
0 0.0 -1988.4 1.0 -496.4000000000001
0 1.0 -1208.4 0.0 -1518.0
evaluation 55
0 0.0 -2100.0 1.0 -838.6999999999998
0 0.0 -1398.8999999999996 1.0 2427.3
0 1.0 -80.40000000000009 0.0 -1885.1999999999998
evaluation 56
0 0.0 -1800.0 1.0 1497.9
0 1.0 2320.6000000000004 0.0 1371.5
0 1.0 2125.4 0.0 1760.0
evaluation 57
0 0.0 -1800.0 1.0 -117.89999999999986
0 1.0 2905.4 0.0 1708.3000000000002
0 1.0 4104.0 0.0 3500.4
evaluation 58
0 0.0 -1100.0 1.0 2168.3
0 0.0 464.0 1.0 3582.1000000000004
0 1.0 1462.1000000000001 0.0 530.0000000000001
evaluation 59
0 0.0 -2200.0 1.0 1118.8000000000002
0 0.0 1310.8000000000002 1.0 2322.8
0 1.0 4380.2 0.0 3820.3
evaluation 60
0 0.0 -2200.0 1.0 409.3000000000002
0 1.0 2685.8 0.0 333.5
0 1.0 2716.8 0.0 -2813.2999999999997
evaluation 61
0 0.0 -1100.0 1.0 -111.29999999999995
0 1.0 2087.3 0.0 216.60000000000014
0 1.0 3786.6 0.0 -2813.2999999999997
evaluation 62
0 0.0 -1200.0 1.0 -897.3999999999999
0 1.0 2746.8 0.0 2183.0
0 1.0 1018.2 0.0 -2813.2999999999997
evaluation 63
0 0.0 -1300.0 1.0 785.9000000000001
0 1.0 3978.1000000000004 0.0 2162.8
0 1.0 2430.0 0.0 -2806.2999999999997
evaluation 64
0 1.0 2100.0 0.0 -705.3
0 1.0 2613.0 0.0 -32.69999999999982
0 1.0 797.7 0.0 -2806.2999999999997
evaluation 65
0 1.0 600.0 0.0 -142.0999999999999
0 1.0 3087.0 0.0 1670.5
0 1.0 7972.7 0.0 -2806.2999999999997
evaluation 66
0 1.0 2000.0 0.0 -1483.3
0 1.0 -112.29999999999995 0.0 -168.5
0 1.0 3583.1000000000004 0.0 -2806.2999999999997
evaluation 67
0 0.0 -1390.0 1.0 1491.1000000000001
0 0.0 1498.4 1.0 2587.5
0 1.0 595.2 0.0 -2800.0
evaluation 68
0 0.0 -1400.0 1.0 -695.6999999999998
0 1.0 902.3000000000001 0.0 865.8000000000002
0 1.0 -765.9 0.0 -2800.0
evaluation 69
0 0.0 -1400.0 1.0 -593.0
0 1.0 2826.7 0.0 -178.29999999999995
0 1.0 -732.6999999999999 0.0 -2800.0
evaluation 70
0 0.0 -1400.0 1.0 -498.5999999999999
0 1.0 -709.1999999999999 0.0 -894.0999999999999
0 1.0 719.8000000000001 0.0 -2800.0
evaluation 71
0 0.0 -1400.0 1.0 710.6000000000001
0 1.0 1096.7 0.0 -424.0999999999999
0 1.0 -289.29999999999995 0.0 -2800.0
evaluation 72
0 0.0 -1400.0 1.0 275.30000000000007
0 1.0 2943.3 0.0 -198.19999999999993
0 1.0 -127.09999999999991 0.0 -2800.0
evaluation 73
0 0.0 -1000.0 1.0 2388.5
0 0.0 673.5 1.0 932.2
0 1.0 972.4000000000001 0.0 -2800.0
evaluation 74
0 0.0 -900.0 1.0 -538.6999999999998
0 0.0 711.4000000000001 1.0 942.5
0 1.0 418.20000000000005 0.0 -2800.0
evaluation 75
0 0.0 -1400.0 1.0 331.20000000000005
0 1.0 2405.8 0.0 -2.9999999999998863
0 1.0 -241.0999999999999 0.0 -2800.0
evaluation 76
0 0.0 -1300.0 1.0 141.10000000000014
0 1.0 131.5 0.0 -768.5999999999999
0 1.0 -26.5 0.0 -2800.0
evaluation 77
0 0.0 -1300.0 1.0 635.1
0 0.0 200.70000000000005 1.0 840.6000000000001
0 1.0 -406.9 0.0 -2800.0
evaluation 78
0 0.0 -1200.0 1.0 36.80000000000007
0 1.0 506.9000000000001 0.0 -317.79999999999995
0 1.0 2430.9 0.0 -2800.0
evaluation 79
0 0.0 -1200.0 1.0 -19.199999999999932
0 0.0 -942.9 1.0 -757.1999999999999
0 1.0 873.3000000000001 0.0 -2800.0
evaluation 80
0 0.0 -900.0 1.0 908.3000000000001
0 0.0 -137.5999999999999 1.0 815.0
0 1.0 565.9000000000001 0.0 -2800.0
evaluation 81
0 0.0 -700.0 1.0 -99.29999999999995
0 1.0 1888.8000000000002 0.0 -732.1999999999999
0 1.0 2.7000000000000455 0.0 -2800.0
evaluation 82
0 1.0 -700.0 0.0 -818.4999999999999
0 0.0 -251.9999999999999 1.0 1183.8
0 1.0 -157.19999999999993 0.0 -2800.0
evaluation 83
0 1.0 -700.0 0.0 -787.6999999999999
0 1.0 640.5000000000001 0.0 122.5
0 1.0 907.8000000000001 0.0 -2800.0
evaluation 84
0 0.0 -1400.0 1.0 178.30000000000007
0 1.0 1492.2 0.0 164.10000000000002
0 1.0 1461.7 0.0 -2800.0
evaluation 85
0 0.0 -1400.0 1.0 -944.0999999999999
0 0.0 -221.0999999999999 1.0 220.4000000000001
0 1.0 -71.09999999999991 0.0 -2800.0
evaluation 86
0 0.0 0.0 1.0 90.40000000000003
0 1.0 2038.7 0.0 1053.5
0 1.0 1063.3 0.0 0.0
evaluation 87
0 1.0 0.0 0.0 -351.9
0 0.0 -513.8 1.0 375.20000000000005
0 1.0 2436.7 0.0 0.0
evaluation 88
0 0.0 0.0 1.0 255.4000000000001
0 0.0 599.4000000000001 1.0 1605.7
0 1.0 514.2 0.0 0.0
evaluation 89
0 1.0 0.0 0.0 -1066.8
0 1.0 1350.6 0.0 -477.19999999999993
0 0.0 -306.4 1.0 0.0
evaluation 90
0 0.0 0.0 1.0 1688.3
0 1.0 4293.9 0.0 2020.1
0 1.0 1512.3 0.0 0.0
evaluation 91
0 1.0 0.0 0.0 -191.2
0 1.0 2991.3 0.0 1473.9
0 1.0 5020.2 0.0 0.0
evaluation 92
0 0.0 0.0 1.0 105.1
0 1.0 2979.4 0.0 1603.4
0 1.0 2407.9 0.0 0.0
evaluation 93
0 1.0 1300.0 0.0 246.1
0 1.0 1174.3 0.0 1109.5
0 1.0 4318.6 0.0 0.0
evaluation 94
0 1.0 1200.0 0.0 899.9
0 1.0 2684.1 0.0 1192.5
0 1.0 2096.7 0.0 0.0
evaluation 95
0 0.0 1300.0 1.0 1895.3
0 1.0 1290.2 0.0 780.4
0 1.0 1802.3 0.0 0.0
evaluation 96
0 0.0 1100.0 1.0 1906.7
0 0.0 2077.6 1.0 3489.0
0 1.0 3214.4 0.0 0.0
evaluation 97
0 0.0 1200.0 1.0 2410.0
0 0.0 3600.2 1.0 4397.4
0 1.0 8210.9 0.0 0.0
evaluation 98
0 0.0 800.0 1.0 3079.7
0 0.0 1174.3 1.0 2292.3
0 1.0 3302.3 0.0 0.0
evaluation 99
0 1.0 1200.0 0.0 288.1
0 1.0 2389.5 0.0 2213.0
0 1.0 3819.3 0.0 0.0
0 1.0 1000.0 0.0 0.0
0 1.0 1706.2 0.0 0.0
0 1.0 4505.8 0.0 0.0
5058288 ms elapsed
Best solution first found at eval: 41
Best solution: [6, 3, 6, 120, 3, 1, 0, 0, 1, 1, 1, 1, 1, 0, 0, 0, 1, 0, 1, 1, 0, 150, 0, 6, 10, 40, 0, 400, 200, 4]
Best fitness: 73.03999999999985
Final solution: [6, 3, 8, 120, 3, 1, 0, 0, 1, 0, 1, 1, 1, 1, 0, 0, 1, 0, 1, 1, 0, 25, 0, 6, 10, 40, 0, 400, 200, 1]
Final fitness: 7.062000000000012
Number of visits to optimal: 0
Total number of evaluations: 101

evaluation 0
0 0.0 2600.0 1.0 7300.0
0 0.0 1097.6 1.0 6710.0
0 1.0 6420.0 0.0 3400.0
evaluation 1
0 0.0 2300.0 1.0 3000.0
0 1.0 5410.0 0.0 4200.0
0 0.0 2100.0 1.0 2909.2
evaluation 2
0 0.0 2700.0 1.0 9300.0
0 1.0 4119.2 0.0 1900.0
0 0.0 4510.0 1.0 8910.0
evaluation 3
0 0.0 1910.0 1.0 6610.0
0 1.0 6219.2 0.0 5300.0
0 0.0 8720.0 1.0 9809.2
evaluation 4
0 0.0 2500.0 1.0 8910.0
0 0.0 4620.0 1.0 6610.0
0 0.0 5097.6 1.0 7910.0
evaluation 5
0 1.0 2700.0 0.0 2620.0
0 1.0 9018.4 0.0 8596.0
0 0.0 8008.4 1.0 9907.6
evaluation 6
0 0.0 2700.0 1.0 8098.4
0 0.0 4594.4 1.0 9708.4
0 0.0 5497.6 1.0 6100.0
evaluation 7
0 0.0 2000.0 1.0 7430.0
0 0.0 3816.0 1.0 7610.0
0 0.0 5405.2 1.0 7800.0
evaluation 8
0 0.0 2400.0 1.0 12410.0
0 1.0 5808.4 0.0 5800.0
0 1.0 4597.6 0.0 3110.0
evaluation 9
0 0.0 2100.0 1.0 9200.0
0 0.0 3907.6 1.0 6810.0
0 0.0 2396.8 1.0 10818.4
evaluation 10
0 0.0 2400.0 1.0 6800.0
0 0.0 6203.6 1.0 8319.2
0 0.0 4006.0 1.0 7210.0
evaluation 11
0 0.0 2200.0 1.0 7319.2
0 0.0 4506.0 1.0 9410.0
0 0.0 1618.4 1.0 7419.2
evaluation 12
0 0.0 2700.0 1.0 6610.0
0 0.0 6816.0 1.0 11507.6
0 0.0 1617.6 1.0 10799.2
evaluation 13
0 0.0 3200.0 1.0 6910.0
0 0.0 6999.2 1.0 9730.0
0 0.0 7218.4 1.0 8609.2
evaluation 14
0 0.0 3300.0 1.0 5909.2
0 0.0 5999.2 1.0 11020.0
0 0.0 6818.4 1.0 8410.0
evaluation 15
0 0.5 2800.0 0.5 2800.0
0 1.0 4709.2 0.0 2400.0
0 1.0 4800.0 0.0 3100.0
evaluation 16
0 0.5 0.0 0.5 0.0
0 1.0 3032.8 0.0 2300.0
0 1.0 3238.8 0.0 2300.0
evaluation 17
0 0.5 0.0 0.5 0.0
0 0.0 3468.4 1.0 4200.0
0 1.0 4825.2 0.0 2600.0
evaluation 18
0 1.0 0.0 0.0 -1600.0
0 1.0 3742.4 0.0 1200.0
0 1.0 4142.8 0.0 100.0
evaluation 19
0 0.5 -1600.0 0.5 -1600.0
0 1.0 3720.4 0.0 1100.0
0 1.0 4939.2 0.0 1200.0
evaluation 20
0 0.5 -1000.0 0.5 -1000.0
0 1.0 4523.0 0.0 1100.0
0 1.0 4465.5 0.0 1200.0
evaluation 21
0 0.5 -1000.0 0.5 -1000.0
0 1.0 5618.5 0.0 -1000.0
0 1.0 5497.0 0.0 -1000.0
evaluation 22
0 0.5 -1000.0 0.5 -1000.0
0 1.0 4001.0 0.0 -1000.0
0 1.0 3006.5 0.0 -1000.0
evaluation 23
0 0.5 -1000.0 0.5 -1000.0
0 1.0 3552.0 0.0 -1000.0
0 1.0 6299.5 0.0 -1000.0
evaluation 24
0 0.5 -1000.0 0.5 -1000.0
0 1.0 4496.0 0.0 -1000.0
0 1.0 6006.5 0.0 -1000.0
evaluation 25
0 0.5 -1000.0 0.5 -1000.0
0 1.0 4074.5 0.0 -1000.0
0 1.0 6196.5 0.0 -1000.0
evaluation 26
0 0.5 0.0 0.5 0.0
0 1.0 4044.0 0.0 0.0
0 1.0 8048.5 0.0 0.0
evaluation 27
0 0.5 0.0 0.5 0.0
0 1.0 3337.5 0.0 0.0
0 1.0 6174.0 0.0 0.0
evaluation 28
0 0.5 0.0 0.5 0.0
0 1.0 2694.0 0.0 10.0
0 1.0 1665.5 0.0 0.0
evaluation 29
0 1.0 1100.0 0.0 0.0
0 1.0 4856.5 0.0 0.0
0 1.0 6421.5 0.0 0.0
evaluation 30
0 1.0 1100.0 0.0 0.0
0 1.0 2311.5 0.0 0.0
0 1.0 3065.0 0.0 0.0
evaluation 31
0 0.5 0.0 0.5 0.0
0 1.0 3980.0 0.0 0.0
0 1.0 4344.5 0.0 0.0
evaluation 32
0 0.5 0.0 0.5 0.0
0 1.0 2047.0 0.0 0.0
0 1.0 586.0 0.0 0.0
evaluation 33
0 1.0 3400.0 0.0 0.0
0 1.0 3662.0 0.0 0.0
0 1.0 5953.0 0.0 0.0
evaluation 34
0 1.0 2300.0 0.0 0.0
0 1.0 7921.0 0.0 0.0
0 1.0 3234.5 0.0 0.0
evaluation 35
0 1.0 2300.0 0.0 0.0
0 1.0 839.5 0.0 0.0
0 1.0 5789.0 0.0 0.0
evaluation 36
0 1.0 2300.0 0.0 0.0
0 1.0 2832.0 0.0 0.0
0 1.0 2060.5 0.0 0.0
evaluation 37
0 1.0 2300.0 0.0 0.0
0 1.0 3931.0 0.0 0.0
0 1.0 3436.5 0.0 0.0
evaluation 38
0 1.0 2300.0 0.0 0.0
0 1.0 9390.0 0.0 0.0
0 1.0 10319.5 0.0 0.0
evaluation 39
0 1.0 2300.0 0.0 0.0
0 1.0 1648.0 0.0 0.0
0 1.0 2086.5 0.0 0.0
evaluation 40
0 1.0 2300.0 0.0 0.0
0 1.0 4069.5 0.0 0.0
0 1.0 4965.0 0.0 0.0
evaluation 41
0 1.0 2800.0 0.0 0.0
0 1.0 4232.0 0.0 0.0
0 1.0 2058.0 0.0 0.0
evaluation 42
0 1.0 1900.0 0.0 0.0
0 1.0 7830.0 0.0 0.0
0 1.0 8120.0 0.0 0.0
evaluation 43
0 1.0 1900.0 0.0 0.0
0 1.0 2210.0 0.0 0.0
0 1.0 8410.0 0.0 0.0
evaluation 44
0 1.0 1900.0 0.0 0.0
0 1.0 4410.0 0.0 0.0
0 1.0 6610.0 0.0 0.0
evaluation 45
0 1.0 1900.0 0.0 0.0
0 1.0 2920.0 0.0 0.0
0 1.0 6110.0 0.0 0.0
evaluation 46
0 1.0 1900.0 0.0 0.0
0 1.0 5210.0 0.0 0.0
0 1.0 6010.0 0.0 0.0
evaluation 47
0 1.0 800.0 0.0 0.0
0 1.0 1300.0 0.0 0.0
0 1.0 1610.0 0.0 0.0
evaluation 48
0 1.0 800.0 0.0 0.0
0 1.0 3620.0 0.0 0.0
0 1.0 1310.0 0.0 0.0
evaluation 49
0 1.0 1500.0 0.0 0.0
0 1.0 200.0 0.0 0.0
0 1.0 5410.0 0.0 0.0
evaluation 50
0 1.0 1500.0 0.0 0.0
0 1.0 2720.0 0.0 0.0
0 1.0 4100.0 0.0 0.0
evaluation 51
0 1.0 1500.0 0.0 0.0
0 1.0 710.0 0.0 0.0
0 1.0 3620.0 0.0 0.0
evaluation 52
0 1.0 1500.0 0.0 0.0
0 1.0 1110.0 0.0 0.0
0 1.0 4520.0 0.0 0.0
evaluation 53
0 1.0 600.0 0.0 -1200.0
0 1.0 215.39999999999998 0.0 -1200.0
0 1.0 6887.4 0.0 -1200.0
evaluation 54
0 1.0 700.0 0.0 -1200.0
0 1.0 2924.0 0.0 -1200.0
0 1.0 8112.8 0.0 -1200.0
evaluation 55
0 0.0 800.0 1.0 3338.8
0 1.0 2700.0 0.0 2516.6
0 1.0 5211.0 0.0 1787.8000000000002
evaluation 56
0 0.0 300.0 1.0 3145.8
0 0.0 3473.8 1.0 3497.4
0 1.0 3254.8 0.0 2511.0
evaluation 57
0 0.0 800.0 1.0 3268.8
0 0.0 1558.8 1.0 3150.2
0 0.0 2504.0 1.0 2749.6
evaluation 58
0 0.0 -590.0 1.0 1162.4
0 0.0 1174.2 1.0 2587.8
0 0.0 2199.4 1.0 2618.6
evaluation 59
0 0.0 -600.0 1.0 2106.4
0 1.0 2010.2 0.0 1901.8000000000002
0 1.0 3304.6 0.0 1137.2
evaluation 60
0 0.0 100.0 1.0 828.2
0 0.0 1186.4 1.0 2244.2
0 1.0 2795.8 0.0 1948.0
evaluation 61
0 0.0 -500.0 1.0 5.400000000000091
0 1.0 606.4000000000001 0.0 336.0
0 0.0 1398.6 1.0 1813.2
evaluation 62
0 0.0 -300.0 1.0 2537.8
0 1.0 2956.4 0.0 979.6
0 1.0 2896.2 0.0 645.6
evaluation 63
0 0.0 -800.0 1.0 1721.6
0 1.0 400.0 0.0 -283.20000000000005
0 1.0 1872.8 0.0 230.79999999999995
evaluation 64
0 0.0 -900.0 1.0 -681.6000000000001
0 0.0 1526.8 1.0 2213.2
0 1.0 2799.6 0.0 268.79999999999995
evaluation 65
0 0.0 -2000.0 1.0 198.79999999999995
0 0.0 778.3999999999999 1.0 1248.8
0 1.0 1010.3999999999999 0.0 137.5999999999999
evaluation 66
0 0.0 -700.0 1.0 502.8
0 0.0 2150.0 1.0 2174.0
0 1.0 1537.2 0.0 1338.0
evaluation 67
0 0.0 -200.0 1.0 1858.5
0 1.0 2012.5 0.0 1930.5
0 1.0 5056.5 0.0 2418.0
evaluation 68
0 0.0 0.0 1.0 905.0
0 1.0 1022.5 0.0 608.0
0 1.0 2463.5 0.0 1118.5
evaluation 69
0 0.0 -300.0 1.0 1318.5
0 1.0 1914.0 0.0 1314.5
0 1.0 3943.0 0.0 2216.0
evaluation 70
0 0.0 -200.0 1.0 1204.0
0 0.0 882.5 1.0 1116.0
0 1.0 3802.5 0.0 1214.5
evaluation 71
0 0.0 1200.0 1.0 1900.0
0 1.0 2220.0 0.0 1010.0
0 1.0 4010.0 0.0 1710.0
evaluation 72
0 0.0 900.0 1.0 1000.0
0 1.0 1510.0 0.0 1210.0
0 1.0 3410.0 0.0 1810.0
evaluation 73
0 0.0 910.0 1.0 1500.0
0 0.0 1310.0 1.0 2010.0
0 0.0 1300.0 1.0 1520.0
evaluation 74
0 0.0 1100.0 1.0 1200.0
0 1.0 1720.0 0.0 810.0
0 1.0 1420.0 0.0 1200.0
evaluation 75
0 0.0 800.0 1.0 1510.0
0 1.0 1720.0 0.0 1110.0
0 1.0 910.0 0.0 720.0
evaluation 76
0 0.0 1100.0 1.0 2310.0
0 1.0 1900.0 0.0 1410.0
0 1.0 4010.0 0.0 3400.0
evaluation 77
0 0.0 200.0 1.0 1710.0
0 0.0 710.0 1.0 910.0
0 1.0 1820.0 0.0 100.0
evaluation 78
0 1.0 1200.0 0.0 810.0
0 0.0 10.0 1.0 1010.0
0 1.0 4310.0 0.0 1410.0
evaluation 79
0 0.0 500.0 1.0 1030.0
0 1.0 1100.0 0.0 510.0
0 1.0 1100.0 0.0 710.0
evaluation 80
0 1.0 600.0 0.0 320.0
0 1.0 1600.0 0.0 1010.0
0 0.0 1410.0 1.0 2210.0
evaluation 81
0 0.0 1400.0 1.0 2100.0
0 1.0 3700.0 0.0 1920.0
0 1.0 4010.0 0.0 1910.0
evaluation 82
0 0.0 600.0 1.0 1910.0
0 1.0 1510.0 0.0 1210.0
0 1.0 4520.0 0.0 1800.0
evaluation 83
0 0.0 700.0 1.0 2020.0
0 1.0 2010.0 0.0 1110.0
0 1.0 3600.0 0.0 2430.0
evaluation 84
0 0.0 1100.0 1.0 1920.0
0 0.0 1400.0 1.0 2220.0
0 1.0 4200.0 0.0 2920.0
evaluation 85
0 0.0 1300.0 1.0 1510.0
0 0.0 1310.0 1.0 1710.0
0 1.0 4110.0 0.0 2020.0
evaluation 86
0 0.0 900.0 1.0 1910.0
0 0.0 1700.0 1.0 2610.0
0 0.0 3200.0 1.0 3310.0
evaluation 87
0 0.0 1200.0 1.0 2820.0
0 1.0 3010.0 0.0 1710.0
0 1.0 2110.0 0.0 1510.0
evaluation 88
0 0.0 1400.0 1.0 1710.0
0 0.0 1610.0 1.0 2010.0
0 1.0 3300.0 0.0 1700.0
evaluation 89
0 0.0 800.0 1.0 1410.0
0 1.0 3220.0 0.0 1910.0
0 1.0 3800.0 0.0 2910.0
evaluation 90
0 0.0 1200.0 1.0 2020.0
0 0.5 1910.0 0.5 1910.0
0 1.0 3000.0 0.0 2510.0
evaluation 91
0 0.0 1300.0 1.0 2700.0
0 1.0 2610.0 0.0 1610.0
0 1.0 4900.0 0.0 3430.0
evaluation 92
0 1.0 900.0 0.0 510.0
0 0.0 2620.0 1.0 4410.0
0 1.0 1910.0 0.0 1710.0
evaluation 93
0 1.0 1000.0 0.0 320.0
0 0.0 610.0 1.0 1410.0
0 1.0 2610.0 0.0 2410.0
evaluation 94
0 1.0 900.0 0.0 0.0
0 0.0 200.0 1.0 3420.0
0 1.0 5110.0 0.0 1410.0
evaluation 95
0 1.0 1300.0 0.0 510.0
0 0.5 1510.0 0.5 1510.0
0 1.0 4800.0 0.0 2100.0
evaluation 96
0 0.0 1200.0 1.0 1682.0
0 0.0 2088.3 1.0 3391.1
0 1.0 5800.0 0.0 5597.4
evaluation 97
0 1.0 2500.0 0.0 2312.0
0 0.0 2495.6 1.0 3184.8
0 0.0 2189.2 1.0 3593.0
evaluation 98
0 0.0 2000.0 1.0 5001.1
0 1.0 4502.9 0.0 3303.7
0 1.0 6002.0 0.0 2579.3
evaluation 99
0 0.0 4400.0 1.0 5987.5
0 0.0 6777.5 1.0 8373.1
0 1.0 8903.7 0.0 6883.8
0 0.5 0.0 0.5 0.0
0 1.0 6193.5 0.0 0.0
0 1.0 740.0 0.0 0.0
3588694 ms elapsed
Best solution first found at eval: 91
Best solution: [10, 8, 6, 60, 2, 0, 0, 0, 0, 1, 1, 0, 1, 0, 0, 1, 0, 0, 0, 0, 0, 75, 0, 6, 10, 20, 0, 500, 200, 2]
Best fitness: 1004.9
Final solution: [3, 5, 8, 120, 3, 0, 0, 0, 0, 1, 1, 0, 1, 0, 0, 1, 0, 0, 0, 0, 0, 100, 0, 5, 10, 20, 1, 500, 200, 1]
Final fitness: -54.53499999999997
Number of visits to optimal: 0
Total number of evaluations: 101

evaluation 0
0 0.0 1000.0 1.0 6498.4
0 0.0 4208.8 1.0 5765.6
0 1.0 11516.4 0.0 4454.4
evaluation 1
0 0.0 1800.0 1.0 3762.0
0 0.0 7266.4 1.0 7511.2
0 1.0 10210.0 0.0 7244.0
evaluation 2
0 0.0 4100.0 1.0 6189.2
0 1.0 5491.2 0.0 3546.8
0 1.0 8168.0 0.0 5956.4
evaluation 3
0 1.0 3400.0 0.0 2998.8
0 1.0 4128.0 0.0 2885.6
0 1.0 7710.0 0.0 6798.4
evaluation 4
0 1.0 1600.0 0.0 1558.8
0 0.0 3142.0 1.0 4097.2
0 1.0 3942.0 0.0 2153.2
evaluation 5
0 0.0 4000.0 1.0 5398.8
0 0.0 7112.0 1.0 9000.4
0 1.0 7760.8 0.0 5475.2
evaluation 6
0 0.0 5100.0 1.0 7754.0
0 1.0 10046.4 0.0 2446.4
0 1.0 7210.0 0.0 6174.0
evaluation 7
0 0.0 3300.0 1.0 3652.0
0 1.0 5692.8 0.0 2931.6
0 1.0 9417.2 0.0 5660.4
evaluation 8
0 0.0 2900.0 1.0 7391.2
0 0.0 8734.8 1.0 9224.8
0 1.0 12488.4 0.0 8432.8
evaluation 9
0 0.0 3600.0 1.0 6036.0
0 1.0 6955.2 0.0 4034.0
0 0.0 4298.8 1.0 7173.6
evaluation 10
0 0.0 1800.0 1.0 5164.4
0 0.0 4274.4 1.0 4564.6
0 1.0 7503.3 0.0 3633.9
evaluation 11
0 0.0 -89.20000000000005 1.0 3191.1
0 0.0 5646.1 1.0 6283.1
0 0.0 5053.2 1.0 5446.3
evaluation 12
0 0.0 810.8 1.0 2902.1
0 0.0 3048.9 1.0 3566.1
0 1.0 6729.8 0.0 6627.2
evaluation 13
0 0.0 610.8 1.0 1238.9
0 1.0 4975.8 0.0 3857.9
0 1.0 10138.1 0.0 3061.4
evaluation 14
0 1.0 2500.0 0.0 399.1
0 1.0 6209.1 0.0 4800.0
0 1.0 7329.1 0.0 2795.5
evaluation 15
0 1.0 2500.0 0.0 810.0
0 0.0 2700.0 1.0 9120.0
0 0.0 4999.1 1.0 8819.1
evaluation 16
0 1.0 3000.0 0.0 1210.0
0 1.0 4816.4 0.0 2610.0
0 1.0 13400.0 0.0 11198.2
evaluation 17
0 0.0 1400.0 1.0 5610.0
0 0.0 3200.0 1.0 6200.0
0 1.0 7800.0 0.0 3408.2
evaluation 18
0 0.0 3000.0 1.0 4420.0
0 0.0 6099.1 1.0 11117.3
0 0.0 1420.0 1.0 6510.0
evaluation 19
0 0.0 3300.0 1.0 4009.1
0 0.0 6030.0 1.0 10400.0
0 0.0 8610.0 1.0 11110.0
evaluation 20
0 1.0 2300.0 0.0 2010.0
0 0.0 6597.3 1.0 9399.1
0 1.0 8010.0 0.0 5409.1
evaluation 21
0 1.0 2300.0 0.0 1998.2
0 1.0 4616.4 0.0 2599.1
0 1.0 10410.0 0.0 3000.0
evaluation 22
0 1.0 3100.0 0.0 1798.2
0 1.0 4407.3 0.0 -1.8
0 1.0 10600.0 0.0 4600.0
evaluation 23
0 0.0 3100.0 1.0 5529.1
0 1.0 6310.0 0.0 5610.0
0 0.0 5010.0 1.0 6819.1
evaluation 24
0 0.0 2800.0 1.0 3410.0
0 0.0 6408.2 1.0 8018.2
0 1.0 6998.2 0.0 4909.1
evaluation 25
0 0.0 2400.0 1.0 6079.6
0 1.0 5860.5 0.0 5281.2
0 0.0 5474.8 1.0 6368.5
evaluation 26
0 0.0 2500.0 1.0 3646.1
0 0.0 5766.8 1.0 8596.5
0 1.0 6207.5 0.0 1639.7
evaluation 27
0 0.0 1300.0 1.0 5716.4
0 0.0 2272.0 1.0 6884.7
0 1.0 5136.7 0.0 4647.8
evaluation 28
0 0.0 -200.0 1.0 296.4
0 0.0 1088.3 1.0 6178.5
0 1.0 7008.9 0.0 4574.0
evaluation 29
0 0.0 1400.0 1.0 8811.7
0 1.0 6319.8 0.0 4322.6
0 1.0 6768.3 0.0 5309.1
evaluation 30
0 0.0 100.0 1.0 2954.9
0 1.0 5881.1 0.0 5693.5
0 1.0 4543.1 0.0 4186.6
evaluation 31
0 0.0 500.0 1.0 574.6999999999999
0 0.0 4642.2 1.0 4659.3
0 1.0 4302.6 0.0 3138.0
evaluation 32
0 0.0 -300.0 1.0 3066.7
0 1.0 4474.8 0.0 3205.3
0 1.0 8358.3 0.0 3673.8
evaluation 33
0 0.0 1500.0 1.0 4336.2
0 0.0 3699.9 1.0 4171.1
0 1.0 8473.8 0.0 1324.1999999999998
evaluation 34
0 0.0 1500.0 1.0 2659.3
0 0.0 6809.7 1.0 7666.3
0 0.0 5750.8 1.0 6926.2
evaluation 35
0 0.0 2500.0 1.0 4686.4
0 0.0 5053.7 1.0 5507.0
0 1.0 9420.1 0.0 6807.8
evaluation 36
0 0.0 600.0 1.0 5281.8
0 1.0 6650.7 0.0 6619.1
0 1.0 4893.5 0.0 620.8
evaluation 37
0 0.0 -200.0 1.0 932.6
0 1.0 3985.0 0.0 2944.0
0 1.0 3143.9 0.0 525.2
evaluation 38
0 0.0 600.0 1.0 1093.2
0 1.0 3956.5 0.0 1197.6
0 1.0 8067.5 0.0 3951.0
evaluation 39
0 1.0 1100.0 0.0 1065.3000000000002
0 0.0 3346.6 1.0 3791.4
0 1.0 9761.6 0.0 4190.3
evaluation 40
0 0.0 1200.0 1.0 3016.7
0 1.0 4180.2 0.0 1833.8000000000002
0 1.0 5332.1 0.0 1960.3000000000002
evaluation 41
0 0.0 800.0 1.0 4865.5
0 0.0 3184.3 1.0 5025.7
0 1.0 9118.7 0.0 4843.5
evaluation 42
0 0.0 900.0 1.0 3187.5
0 0.0 3099.1 1.0 5342.5
0 1.0 12387.3 0.0 5094.5
evaluation 43
0 1.0 2000.0 0.0 783.2
0 1.0 1872.2 0.0 1661.7
0 1.0 6455.6 0.0 0.0
evaluation 44
0 1.0 1400.0 0.0 1101.3000000000002
0 0.0 834.4000000000001 1.0 1403.1000000000001
0 1.0 10201.0 0.0 0.0
evaluation 45
0 0.0 300.0 1.0 2627.4
0 1.0 6400.1 0.0 4792.5
0 1.0 9614.7 0.0 0.0
evaluation 46
0 0.0 1400.0 1.0 4515.3
0 0.0 4427.5 1.0 5212.6
0 1.0 10334.0 0.0 0.0
evaluation 47
0 0.0 2200.0 1.0 5627.7
0 0.0 2234.3 1.0 4081.9
0 1.0 9552.2 0.0 0.0
evaluation 48
0 0.0 700.0 1.0 5823.7
0 1.0 3154.2 0.0 1496.7
0 1.0 4828.1 0.0 0.0
evaluation 49
0 0.0 200.0 1.0 895.7
0 0.0 1211.0 1.0 3866.2
0 1.0 13471.0 0.0 0.0
evaluation 50
0 0.0 1100.0 1.0 4677.4
0 0.0 1304.9 1.0 2276.5
0 1.0 7455.2 0.0 0.0
evaluation 51
0 0.0 200.0 1.0 4915.7
0 0.0 2554.0 1.0 3786.2
0 1.0 10090.9 0.0 0.0
evaluation 52
0 0.0 300.0 1.0 762.0
0 1.0 5636.9 0.0 5043.9
0 1.0 10160.9 0.0 0.0
evaluation 53
0 0.0 -600.0 1.0 35.10000000000002
0 1.0 1227.7 0.0 -377.79999999999995
0 1.0 6657.8 0.0 0.0
evaluation 54
0 0.0 -500.0 1.0 -50.4
0 1.0 3647.4 0.0 225.5
0 1.0 4816.7 0.0 0.0
evaluation 55
0 0.0 -500.0 1.0 2508.8
0 0.0 827.2 1.0 1305.9
0 1.0 6074.6 0.0 0.0
evaluation 56
0 0.0 -300.0 1.0 -144.2
0 0.0 465.1 1.0 519.3
0 1.0 7436.5 0.0 0.0
evaluation 57
0 1.0 200.0 0.0 -247.39999999999986
0 1.0 2698.6 0.0 343.9000000000001
0 1.0 1760.6 0.0 0.0
evaluation 58
0 0.0 -800.0 1.0 7400.5
0 0.0 2568.8 1.0 3969.4
0 0.0 2443.4 1.0 4423.7
evaluation 59
0 0.0 -200.0 1.0 7299.7
0 0.0 820.8 1.0 6792.9
0 0.0 2488.8 1.0 7537.0
evaluation 60
0 0.0 800.0 1.0 3710.0
0 0.0 3010.0 1.0 3600.0
0 0.0 1010.0 1.0 5720.0
evaluation 61
0 0.0 600.0 1.0 3700.0
0 0.0 1210.0 1.0 5910.0
0 0.0 1410.0 1.0 5410.0
evaluation 62
0 0.0 400.0 1.0 3600.0
0 0.0 410.0 1.0 4000.0
0 0.0 1610.0 1.0 5120.0
evaluation 63
0 0.0 500.0 1.0 4410.0
0 0.0 2810.0 1.0 8210.0
0 0.0 2600.0 1.0 7930.0
evaluation 64
0 0.0 800.0 1.0 3720.0
0 0.0 1920.0 1.0 5310.0
0 0.0 3410.0 1.0 6110.0
evaluation 65
0 1.0 1200.0 0.0 1010.0
0 0.0 2620.0 1.0 3110.0
0 0.0 1510.0 1.0 2410.0
evaluation 66
0 0.0 1600.0 1.0 4410.0
0 0.0 1520.0 1.0 2100.0
0 0.0 810.0 1.0 1420.0
evaluation 67
0 0.0 1200.0 1.0 3273.3
0 0.0 1516.5 1.0 3059.4
0 1.0 4079.4 0.0 3187.9
evaluation 68
0 0.0 700.0 1.0 3414.7
0 0.0 4209.2 1.0 4943.3
0 1.0 1266.0 0.0 1234.0
evaluation 69
0 0.0 1600.0 1.0 2577.6
0 0.0 4061.7 1.0 8765.5
0 1.0 2519.3 0.0 2468.7
evaluation 70
0 0.0 1700.0 1.0 3316.8
0 0.0 1544.0 1.0 1674.1
0 0.0 607.9 1.0 1561.0
evaluation 71
0 0.0 1500.0 1.0 7749.4
0 0.0 976.1 1.0 11731.9
0 0.0 1303.9 1.0 7412.1
evaluation 72
0 0.0 1800.0 1.0 8970.8
0 0.0 2333.4 1.0 4918.9
0 0.0 2702.0 1.0 12847.0
evaluation 73
0 1.0 1300.0 0.0 1129.1
0 0.0 776.6 1.0 2712.6
0 1.0 6143.2 0.0 1483.6
evaluation 74
0 0.0 700.0 1.0 4332.2
0 0.0 1350.6 1.0 3271.5
0 1.0 5463.3 0.0 4324.2
evaluation 75
0 0.0 -400.0 1.0 1230.2
0 1.0 1877.9 0.0 314.0
0 1.0 6967.2 0.0 -614.4
evaluation 76
0 0.0 -200.0 1.0 2821.9
0 0.0 -325.5999999999999 1.0 932.0
0 1.0 10622.9 0.0 356.80000000000007
evaluation 77
0 0.0 -400.0 1.0 1806.8000000000002
0 1.0 3087.8 0.0 983.3000000000001
0 1.0 3522.2 0.0 263.6
evaluation 78
0 0.0 -600.0 1.0 1267.7
0 1.0 2264.0 0.0 -259.5
0 1.0 1452.8 0.0 185.3
evaluation 79
0 0.0 100.0 1.0 1804.8
0 1.0 1252.5 0.0 580.2
0 1.0 8190.3 0.0 1072.6
evaluation 80
0 0.0 700.0 1.0 4090.5
0 1.0 781.1 0.0 -694.6999999999999
0 1.0 6333.8 0.0 1921.5
evaluation 81
0 0.0 400.0 1.0 800.0
0 1.0 5552.7 0.0 -800.0
0 1.0 15282.2 0.0 -400.0
evaluation 82
0 0.0 400.0 1.0 800.0
0 1.0 4805.2 0.0 -600.0
0 1.0 12289.2 0.0 -390.0
evaluation 83
0 0.0 400.0 1.0 800.0
0 1.0 938.0 0.0 -400.0
0 1.0 11117.0 0.0 -300.0
evaluation 84
0 0.0 400.0 1.0 800.0
0 1.0 2995.9 0.0 -500.0
0 1.0 15158.9 0.0 -500.0
evaluation 85
0 1.0 4000.0 0.0 3200.0
0 1.0 4176.3 0.0 1900.0
0 1.0 14836.1 0.0 2400.0
evaluation 86
0 0.0 400.0 1.0 800.0
0 0.0 -677.5999999999999 1.0 -300.0
0 1.0 10855.4 0.0 -400.0
evaluation 87
0 0.5 -1400.0 0.5 -1400.0
0 1.0 -536.1999999999999 0.0 -1400.0
0 1.0 5243.9 0.0 -1400.0
evaluation 88
0 1.0 0.0 0.0 -1400.0
0 1.0 2763.2 0.0 2200.0
0 1.0 -121.1 0.0 -1400.0
evaluation 89
0 1.0 0.0 0.0 -1400.0
0 1.0 3080.3 0.0 2200.0
0 1.0 3493.7 0.0 -1400.0
evaluation 90
0 1.0 3000.0 0.0 -1400.0
0 1.0 4150.7 0.0 -1400.0
0 1.0 4094.1 0.0 1400.0
evaluation 91
0 1.0 3000.0 0.0 -1200.0
0 1.0 3068.2 0.0 -1200.0
0 1.0 8832.2 0.0 7000.0
evaluation 92
0 1.0 -1000.0 0.0 -1200.0
0 1.0 4967.6 0.0 -900.0
0 1.0 448.0 0.0 -1200.0
evaluation 93
0 1.0 3000.0 0.0 -1200.0
0 1.0 8359.4 0.0 -1200.0
0 1.0 10904.0 0.0 9200.0
evaluation 94
0 0.5 0.0 0.5 0.0
0 0.0 -51.6 1.0 0.0
0 1.0 3542.4 0.0 800.0
evaluation 95
0 0.5 0.0 0.5 0.0
0 1.0 2779.6 0.0 2400.0
0 1.0 1915.2 0.0 1800.0
evaluation 96
0 0.5 0.0 0.5 0.0
0 1.0 3671.4 0.0 3000.0
0 1.0 7909.4 0.0 2200.0
evaluation 97
0 0.5 0.0 0.5 0.0
0 0.0 -100.39999999999999 1.0 0.0
0 0.0 -108.19999999999999 1.0 0.0
evaluation 98
0 0.5 0.0 0.5 0.0
0 0.0 -162.79999999999998 1.0 0.0
0 0.0 -78.6 1.0 0.0
evaluation 99
0 0.5 0.0 0.5 0.0
0 0.0 -275.8 1.0 200.0
0 0.0 -283.0 1.0 0.0
0 0.0 400.0 1.0 800.0
0 1.0 432.30000000000007 0.0 -100.0
0 1.0 14176.1 0.0 -400.0
3038935 ms elapsed
Best solution first found at eval: 101
Best solution: [9, 2, 4, 40, 3, 1, 0, 0, 0, 0, 0, 0, 1, 0, 1, 1, 1, 0, 0, 0, 1, 150, 3, 7, 10, 20, 2, 400, 200, 0]
Best fitness: 140.438
Final solution: [9, 2, 4, 40, 3, 1, 0, 0, 0, 0, 0, 0, 1, 0, 1, 1, 1, 0, 0, 0, 1, 150, 3, 7, 10, 20, 2, 400, 200, 0]
Final fitness: 140.438
Number of visits to optimal: 0
Total number of evaluations: 101

evaluation 0
0 0.5 3500.0 0.5 3500.0
0 1.0 10487.2 0.0 4300.0
0 1.0 11790.8 0.0 4000.0
evaluation 1
0 0.5 3000.0 0.5 3000.0
0 1.0 6488.8 0.0 2000.0
0 1.0 8072.8 0.0 3900.0
evaluation 2
0 0.5 1100.0 0.5 1100.0
0 1.0 2518.3 0.0 1000.0
0 1.0 4190.2 0.0 1300.0
evaluation 3
0 0.5 1100.0 0.5 1100.0
0 0.0 1844.9 1.0 2000.0
0 1.0 3586.9 0.0 1400.0
evaluation 4
0 0.5 1100.0 0.5 1100.0
0 1.0 3153.8 0.0 1400.0
0 1.0 6033.4 0.0 1500.0
evaluation 5
0 0.5 900.0 0.5 900.0
0 1.0 2956.1 0.0 1400.0
0 1.0 4768.0 0.0 900.0
evaluation 6
0 0.5 900.0 0.5 900.0
0 1.0 1518.3 0.0 900.0
0 1.0 1573.6 0.0 400.0
evaluation 7
0 0.5 2100.0 0.5 2100.0
0 1.0 2756.1 0.0 1800.0
0 1.0 7073.6 0.0 2200.0
evaluation 8
0 0.5 1600.0 0.5 1600.0
0 0.0 -350.0 1.0 2000.0
0 1.0 14492.5 0.0 1500.0
evaluation 9
0 1.0 2200.0 0.0 -200.0
0 1.0 4814.7 0.0 400.0
0 1.0 15244.2 0.0 600.0
evaluation 10
0 1.0 2400.0 0.0 0.0
0 1.0 4475.3 0.0 600.0
0 1.0 12497.1 0.0 1000.0
evaluation 11
0 0.0 1800.0 1.0 2100.0
0 0.0 1748.2 1.0 2300.0
0 1.0 5929.2 0.0 1400.0
evaluation 12
0 1.0 1600.0 0.0 1500.0
0 0.0 1535.0 1.0 2900.0
0 1.0 5591.2 0.0 1900.0
evaluation 13
0 0.0 2300.0 1.0 6768.5
0 0.0 1841.1 1.0 5180.5
0 0.0 2802.7 1.0 12492.9
evaluation 14
0 0.0 1600.0 1.0 4974.8
0 1.0 4522.4 0.0 4252.0
0 0.0 3940.8 1.0 5959.2
evaluation 15
0 0.0 2300.0 1.0 5364.8
0 0.0 5133.6 1.0 6264.0
0 0.0 4233.2 1.0 11850.4
evaluation 16
0 0.0 1400.0 1.0 4559.2
0 0.0 4416.4 1.0 6070.4
0 0.0 2036.4 1.0 4677.2
evaluation 17
0 0.0 2200.0 1.0 8064.4
0 0.0 4946.8 1.0 6322.4
0 0.0 3206.4 1.0 8263.6
evaluation 18
0 0.0 1700.0 1.0 5722.0
0 0.0 4099.2 1.0 6855.6
0 1.0 7120.0 0.0 5844.8
evaluation 19
0 0.0 1100.0 1.0 5804.0
0 0.0 822.4 1.0 7412.0
0 0.0 4488.8 1.0 10284.8
evaluation 20
0 0.0 3300.0 1.0 5503.2
0 0.0 4545.6 1.0 10220.8
0 0.0 2077.6 1.0 5202.8
evaluation 21
0 0.0 1810.0 1.0 3404.0
0 0.0 2978.4 1.0 8392.8
0 0.0 4076.4 1.0 8214.4
evaluation 22
0 0.0 1800.0 1.0 5315.2
0 1.0 6285.6 0.0 4634.0
0 0.0 1985.6 1.0 3896.8
evaluation 23
0 0.0 1300.0 1.0 10372.8
0 0.0 1484.0 1.0 4704.4
0 0.0 6644.0 1.0 8684.8
evaluation 24
0 1.0 1400.0 0.0 1174.4
0 1.0 3146.0 0.0 2871.6
0 0.0 3771.6 1.0 4574.0
evaluation 25
0 0.0 1600.0 1.0 1986.0
0 0.0 5371.6 1.0 6049.6
0 0.0 6318.8 1.0 8976.0
evaluation 26
0 0.0 2300.0 1.0 6185.2
0 0.0 1875.2 1.0 9383.6
0 0.0 2681.2 1.0 2748.0
evaluation 27
0 0.0 1500.0 1.0 4077.6
0 1.0 8266.4 0.0 3364.8
0 0.0 5373.2 1.0 7146.4
evaluation 28
0 0.0 2600.0 1.0 3072.8
0 0.0 4049.2 1.0 6672.8
0 1.0 3161.6 0.0 2877.2
evaluation 29
0 0.0 1900.0 1.0 4577.2
0 0.0 4177.2 1.0 5782.0
0 0.0 2558.8 1.0 7666.8
evaluation 30
0 0.0 2300.0 1.0 2473.6
0 0.0 6574.4 1.0 6892.4
0 0.0 3244.4 1.0 8969.6
evaluation 31
0 0.0 2400.0 1.0 2676.4
0 1.0 7681.6 0.0 4673.6
0 1.0 5460.0 0.0 1454.8
evaluation 32
0 0.0 1900.0 1.0 4084.4
0 1.0 3680.0 0.0 3474.0
0 1.0 6375.2 0.0 6165.6
evaluation 33
0 0.0 2700.0 1.0 5746.0
0 1.0 4266.0 0.0 3165.2
0 1.0 5232.8 0.0 2916.0
evaluation 34
0 0.0 1200.0 1.0 10824.8
0 1.0 3497.6 0.0 529.2
0 1.0 3362.8 0.0 721.6
evaluation 35
0 0.0 2000.0 1.0 9142.8
0 0.0 5657.6 1.0 6422.8
0 1.0 8431.2 0.0 3394.0
evaluation 36
0 0.0 2800.0 1.0 7894.0
0 0.0 3733.2 1.0 6105.2
0 1.0 10892.8 0.0 4519.2
evaluation 37
0 1.0 2500.0 0.0 1109.6
0 1.0 3352.4 0.0 3350.8
0 1.0 7669.6 0.0 1908.8
evaluation 38
0 1.0 2600.0 0.0 -96.40000000000003
0 1.0 2395.2 0.0 1557.6
0 1.0 11668.8 0.0 1125.6
evaluation 39
0 0.0 600.0 1.0 1772.0
0 0.0 2073.2 1.0 2202.8
0 1.0 3305.6 0.0 1491.6
evaluation 40
0 0.0 500.0 1.0 1284.4
0 0.0 561.6 1.0 3265.6
0 1.0 4945.2 0.0 1760.4
evaluation 41
0 0.0 600.0 1.0 1154.0
0 1.0 2897.6 0.0 2684.8
0 0.0 1658.8 1.0 4247.6
evaluation 42
0 0.0 600.0 1.0 2548.4
0 0.0 1968.0 1.0 2547.2
0 1.0 6194.8 0.0 1180.0
evaluation 43
0 0.0 700.0 1.0 788.8
0 0.0 1558.8 1.0 2479.2
0 1.0 6855.2 0.0 2161.2
evaluation 44
0 0.0 300.0 1.0 1205.6
0 1.0 3716.8 0.0 628.4
0 1.0 3842.0 0.0 206.8
evaluation 45
0 0.0 200.0 1.0 1619.2
0 1.0 2201.2 0.0 1659.6
0 0.0 3854.0 1.0 4147.6
evaluation 46
0 0.0 1100.0 1.0 2639.2
0 0.0 2522.0 1.0 3852.4
0 1.0 5536.0 0.0 2937.2
evaluation 47
0 0.0 1200.0 1.0 1956.0
0 0.0 1508.4 1.0 2536.8
0 1.0 4691.6 0.0 2342.0
evaluation 48
0 0.0 2800.0 1.0 4515.2
0 0.0 4031.6 1.0 5942.4
0 1.0 14932.8 0.0 3245.6
evaluation 49
0 0.0 1200.0 1.0 2629.6
0 0.0 2292.4 1.0 2714.4
0 1.0 3218.4 0.0 2087.6
evaluation 50
0 1.0 2400.0 0.0 1260.0
0 1.0 3016.0 0.0 2924.0
0 1.0 6181.6 0.0 5428.0
evaluation 51
0 0.0 2400.0 1.0 5516.4
0 0.0 2709.6 1.0 8703.6
0 1.0 10350.0 0.0 5106.0
evaluation 52
0 1.0 1000.0 0.0 125.6
0 1.0 3846.8 0.0 347.6
0 1.0 5241.2 0.0 4900.8
evaluation 53
0 0.0 1200.0 1.0 1350.8
0 0.0 1940.4 1.0 2350.4
0 1.0 5428.4 0.0 3550.8
evaluation 54
0 0.0 1600.0 1.0 2140.0
0 0.0 2388.0 1.0 2499.2
0 1.0 10224.0 0.0 2701.2
evaluation 55
0 1.0 1200.0 0.0 921.6
0 1.0 2520.4 0.0 1828.0
0 1.0 10532.4 0.0 0.0
evaluation 56
0 0.0 1400.0 1.0 1718.8
0 0.0 158.4 1.0 504.0
0 1.0 6249.2 0.0 0.0
evaluation 57
0 0.0 600.0 1.0 1319.2
0 1.0 5216.8 0.0 1869.2
0 1.0 11539.2 0.0 0.0
evaluation 58
0 0.0 2000.0 1.0 2155.2
0 0.0 4946.4 1.0 5136.8
0 1.0 6328.4 0.0 10.0
evaluation 59
0 0.0 800.0 1.0 1911.2
0 1.0 4547.2 0.0 2116.4
0 1.0 6871.6 0.0 0.0
evaluation 60
0 1.0 1000.0 0.0 888.0
0 0.0 2316.0 1.0 2894.5
0 1.0 6936.0 0.0 0.0
evaluation 61
0 1.0 1100.0 0.0 180.8
0 0.0 370.4 1.0 3176.4
0 1.0 10402.8 0.0 0.0
evaluation 62
0 1.0 1400.0 0.0 1095.2
0 0.0 1322.0 1.0 4947.2
0 1.0 9295.6 0.0 0.0
evaluation 63
0 1.0 1300.0 0.0 -41.1
0 1.0 4148.0 0.0 2716.6
0 1.0 12943.1 0.0 0.0
evaluation 64
0 0.0 1100.0 1.0 2511.2
0 0.0 1781.3 1.0 2727.4
0 1.0 6974.5 0.0 0.0
evaluation 65
0 0.0 800.0 1.0 2133.8
0 1.0 4186.8 0.0 1759.8
0 1.0 10927.0 0.0 0.0
evaluation 66
0 1.0 3000.0 0.0 0.0
0 1.0 1161.1 0.0 10.0
0 1.0 3674.6 0.0 0.0
evaluation 67
0 1.0 3000.0 0.0 0.0
0 1.0 2360.1 0.0 0.0
0 1.0 5118.1 0.0 0.0
evaluation 68
0 1.0 3000.0 0.0 0.0
0 1.0 5264.2 0.0 0.0
0 1.0 8546.4 0.0 0.0
evaluation 69
0 1.0 3610.0 0.0 0.0
0 1.0 946.3 0.0 0.0
0 1.0 7771.6 0.0 0.0
evaluation 70
0 1.0 3000.0 0.0 0.0
0 1.0 601.3 0.0 0.0
0 1.0 7754.2 0.0 0.0
evaluation 71
0 1.0 3000.0 0.0 0.0
0 1.0 2539.9 0.0 0.0
0 1.0 12153.3 0.0 0.0
evaluation 72
0 1.0 6000.0 0.0 0.0
0 1.0 6559.0 0.0 0.0
0 1.0 6157.4 0.0 0.0
evaluation 73
0 1.0 6000.0 0.0 0.0
0 1.0 5150.0 0.0 0.0
0 1.0 10776.7 0.0 0.0
evaluation 74
0 1.0 6000.0 0.0 0.0
0 1.0 4469.7 0.0 0.0
0 1.0 11572.7 0.0 0.0
evaluation 75
0 1.0 6000.0 0.0 0.0
0 1.0 6298.5 0.0 0.0
0 1.0 8178.0 0.0 0.0
evaluation 76
0 1.0 6000.0 0.0 0.0
0 1.0 4988.3 0.0 0.0
0 1.0 15010.4 0.0 0.0
evaluation 77
0 1.0 4000.0 0.0 0.0
0 1.0 3783.9 0.0 0.0
0 1.0 5508.9 0.0 0.0
evaluation 78
0 1.0 4000.0 0.0 0.0
0 1.0 5990.5 0.0 0.0
0 1.0 7606.4 0.0 0.0
evaluation 79
0 1.0 4000.0 0.0 0.0
0 1.0 6189.6 0.0 0.0
0 1.0 11793.7 0.0 0.0
evaluation 80
0 1.0 4000.0 0.0 0.0
0 1.0 2784.4 0.0 0.0
0 1.0 10407.0 0.0 0.0
evaluation 81
0 1.0 4000.0 0.0 0.0
0 1.0 7616.1 0.0 0.0
0 1.0 6011.3 0.0 0.0
evaluation 82
0 1.0 4000.0 0.0 0.0
0 1.0 6593.2 0.0 0.0
0 1.0 8394.9 0.0 0.0
evaluation 83
0 1.0 4000.0 0.0 0.0
0 1.0 5177.6 0.0 0.0
0 1.0 6988.0 0.0 0.0
evaluation 84
0 1.0 4000.0 0.0 0.0
0 1.0 7386.3 0.0 0.0
0 1.0 7599.8 0.0 0.0
evaluation 85
0 1.0 4000.0 0.0 0.0
0 1.0 5198.9 0.0 0.0
0 1.0 8206.1 0.0 0.0
evaluation 86
0 1.0 2000.0 0.0 0.0
0 1.0 4208.7 0.0 0.0
0 1.0 11390.1 0.0 0.0
evaluation 87
0 1.0 2000.0 0.0 0.0
0 1.0 2298.3 0.0 0.0
0 1.0 8298.8 0.0 0.0
evaluation 88
0 1.0 1400.0 0.0 0.0
0 1.0 2974.9 0.0 0.0
0 1.0 4416.4 0.0 0.0
evaluation 89
0 1.0 2200.0 0.0 0.0
0 1.0 3378.8 0.0 0.0
0 1.0 3592.2 0.0 0.0
evaluation 90
0 1.0 2200.0 0.0 0.0
0 1.0 4785.4 0.0 0.0
0 1.0 9411.3 0.0 0.0
evaluation 91
0 1.0 1600.0 0.0 0.0
0 1.0 197.2 0.0 0.0
0 1.0 2598.6 0.0 0.0
evaluation 92
0 1.0 1600.0 0.0 0.0
0 1.0 2549.0 0.0 0.0
0 1.0 7175.8 0.0 0.0
evaluation 93
0 1.0 1600.0 0.0 0.0
0 1.0 946.4 0.0 0.0
0 1.0 10603.4 0.0 0.0
evaluation 94
0 1.0 1600.0 0.0 0.0
0 1.0 865.2 0.0 0.0
0 1.0 2995.0 0.0 0.0
evaluation 95
0 1.0 1600.0 0.0 0.0
0 1.0 1619.4 0.0 0.0
0 1.0 6210.0 0.0 0.0
evaluation 96
0 1.0 800.0 0.0 0.0
0 1.0 3218.8 0.0 0.0
0 1.0 5809.4 0.0 0.0
evaluation 97
0 1.0 800.0 0.0 0.0
0 1.0 198.2 0.0 0.0
0 1.0 5799.4 0.0 0.0
evaluation 98
0 1.0 1600.0 0.0 0.0
0 1.0 3397.0 0.0 0.0
0 0.5 0.0 0.5 0.0
evaluation 99
0 1.0 2200.0 0.0 0.0
0 1.0 3628.8 0.0 0.0
0 1.0 7819.4 0.0 0.0
0 1.0 4000.0 0.0 0.0
0 1.0 6791.1 0.0 0.0
0 1.0 10808.9 0.0 0.0
2840380 ms elapsed
Best solution first found at eval: 66
Best solution: [10, 9, 4, 40, 1, 1, 0, 1, 1, 1, 1, 0, 0, 0, 1, 0, 1, 1, 1, 0, 0, 100, 0, 3, 0, 10, 2, 500, 200, 4]
Best fitness: 85.0
Final solution: [5, 9, 6, 120, 3, 1, 0, 1, 1, 1, 1, 0, 0, 1, 1, 0, 1, 1, 1, 0, 0, 25, 0, 3, 0, 10, 2, 500, 200, 1]
Final fitness: 27.911000000000058
Number of visits to optimal: 0
Total number of evaluations: 101

evaluation 0
0 1.0 4000.0 0.0 3950.4
0 0.0 -1038.5 1.0 5090.7
0 0.0 -1026.8999999999999 1.0 1698.5
evaluation 1
0 0.0 -1400.0 1.0 416.10000000000014
0 1.0 815.5 0.0 -280.0999999999999
0 0.0 -941.8 1.0 311.70000000000005
evaluation 2
0 1.0 3200.0 0.0 2636.4
0 1.0 1618.4 0.0 79.5
0 1.0 1681.0 0.0 914.2
evaluation 3
0 1.0 1300.0 0.0 47.30000000000007
0 1.0 3195.4 0.0 2969.2
0 0.0 181.4000000000001 1.0 1392.0
evaluation 4
0 1.0 4700.0 0.0 3729.8
0 1.0 3174.6000000000004 0.0 469.70000000000005
0 1.0 3813.9 0.0 2646.0
evaluation 5
0 0.0 1200.0 1.0 4687.5
0 1.0 3639.4 0.0 986.6
0 0.0 1288.8 1.0 2141.5
evaluation 6
0 0.0 7700.0 1.0 8333.3
0 1.0 6160.4 0.0 3638.5
0 1.0 3568.1 0.0 2765.4
evaluation 7
0 1.0 8310.0 0.0 5534.7
0 1.0 2590.0 0.0 950.7
0 1.0 3787.0 0.0 515.4000000000001
evaluation 8
0 0.0 5900.0 1.0 6889.1
0 0.0 728.9000000000001 1.0 1013.0
0 0.0 1006.8 1.0 4462.1
evaluation 9
0 1.0 1400.0 0.0 1294.4
0 0.0 3506.5 1.0 4410.0
0 0.0 3300.0 1.0 5210.0
evaluation 10
0 0.0 1900.0 1.0 8410.0
0 0.0 2700.0 1.0 4800.0
0 0.0 5810.0 1.0 6610.0
evaluation 11
0 0.0 2600.0 1.0 5710.0
0 0.0 3910.0 1.0 4400.0
0 0.0 2900.0 1.0 7310.0
evaluation 12
0 1.0 2700.0 0.0 2200.0
0 0.0 2700.0 1.0 5000.0
0 0.0 4320.0 1.0 6700.0
evaluation 13
0 0.0 2200.0 1.0 6200.0
0 0.0 4110.0 1.0 6910.0
0 0.0 6220.0 1.0 7300.0
evaluation 14
0 0.0 2100.0 1.0 7210.0
0 0.0 3710.0 1.0 7820.0
0 0.0 4620.0 1.0 5710.0
evaluation 15
0 0.0 2500.0 1.0 5100.0
0 0.0 4110.0 1.0 5900.0
0 0.0 4220.0 1.0 6000.0
evaluation 16
0 0.0 2800.0 1.0 3500.0
0 1.0 5520.0 0.0 3700.0
0 0.0 3910.0 1.0 4300.0
evaluation 17
0 0.0 3200.0 1.0 8120.0
0 0.0 5230.0 1.0 5900.0
0 0.0 3910.0 1.0 4600.0
evaluation 18
0 0.0 2700.0 1.0 2900.0
0 0.0 3000.0 1.0 4710.0
0 1.0 3810.0 0.0 3710.0
evaluation 19
0 0.0 2500.0 1.0 4210.0
0 1.0 3910.0 0.0 3700.0
0 0.0 3600.0 1.0 7510.0
evaluation 20
0 0.0 2100.0 1.0 6510.0
0 0.0 2700.0 1.0 7410.0
0 0.0 4810.0 1.0 7520.0
evaluation 21
0 0.0 2500.0 1.0 3620.0
0 0.0 4400.0 1.0 8620.0
0 0.0 3700.0 1.0 5320.0
evaluation 22
0 0.0 2200.0 1.0 4910.0
0 0.0 2810.0 1.0 6600.0
0 0.0 4610.0 1.0 6100.0
evaluation 23
0 0.0 2600.0 1.0 5010.0
0 0.0 3100.0 1.0 5220.0
0 0.0 3610.0 1.0 8810.0
evaluation 24
0 0.0 2700.0 1.0 5400.0
0 0.0 3510.0 1.0 5810.0
0 0.0 3510.0 1.0 4310.0
evaluation 25
0 0.0 2400.0 1.0 5217.4
0 0.0 5118.6 1.0 7497.6
0 0.0 3404.4 1.0 4692.2
evaluation 26
0 1.0 2700.0 0.0 0.0
0 1.0 4715.0 0.0 0.0
0 1.0 7113.0 0.0 0.0
evaluation 27
0 1.0 5400.0 0.0 0.0
0 1.0 7194.6 0.0 0.0
0 1.0 12417.4 0.0 0.0
evaluation 28
0 1.0 5400.0 0.0 0.0
0 1.0 8118.8 0.0 0.0
0 1.0 9808.2 0.0 0.0
evaluation 29
0 1.0 5400.0 0.0 0.0
0 1.0 9107.2 0.0 0.0
0 1.0 6908.8 0.0 0.0
evaluation 30
0 1.0 3310.0 0.0 0.0
0 1.0 4193.8 0.0 0.0
0 1.0 9510.0 0.0 0.0
evaluation 31
0 1.0 2300.0 0.0 10.0
0 1.0 6315.4 0.0 0.0
0 1.0 8310.0 0.0 0.0
evaluation 32
0 1.0 2400.0 0.0 0.0
0 1.0 6523.8 0.0 0.0
0 1.0 7140.8 0.0 0.0
evaluation 33
0 1.0 2400.0 0.0 0.0
0 1.0 6532.4 0.0 0.0
0 1.0 9553.0 0.0 0.0
evaluation 34
0 1.0 1200.0 0.0 0.0
0 1.0 4456.6 0.0 0.0
0 1.0 7650.2 0.0 0.0
evaluation 35
0 1.0 2300.0 0.0 0.0
0 1.0 6060.0 0.0 0.0
0 1.0 6692.8 0.0 0.0
evaluation 36
0 1.0 2000.0 0.0 0.0
0 1.0 4618.0 0.0 0.0
0 1.0 8448.2 0.0 0.0
evaluation 37
0 1.0 2000.0 0.0 0.0
0 1.0 5136.0 0.0 0.0
0 1.0 6543.6 0.0 0.0
evaluation 38
0 1.0 2000.0 0.0 0.0
0 1.0 6341.8 0.0 0.0
0 1.0 7618.2 0.0 0.0
evaluation 39
0 1.0 2000.0 0.0 0.0
0 1.0 4021.0 0.0 0.0
0 1.0 6524.8 0.0 0.0
evaluation 40
0 1.0 2000.0 0.0 0.0
0 1.0 6913.2 0.0 0.0
0 1.0 5539.4 0.0 0.0
evaluation 41
0 1.0 2000.0 0.0 0.0
0 1.0 4127.6 0.0 0.0
0 1.0 6148.2 0.0 0.0
evaluation 42
0 1.0 2000.0 0.0 0.0
0 1.0 6235.0 0.0 0.0
0 1.0 9070.6 0.0 0.0
evaluation 43
0 1.0 2000.0 0.0 0.0
0 1.0 5631.2 0.0 0.0
0 1.0 8769.0 0.0 0.0
evaluation 44
0 1.0 2000.0 0.0 0.0
0 1.0 6758.2 0.0 0.0
0 1.0 8879.0 0.0 0.0
evaluation 45
0 1.0 2600.0 0.0 0.0
0 1.0 6137.0 0.0 0.0
0 1.0 9252.4 0.0 0.0
evaluation 46
0 1.0 3200.0 0.0 2145.4
0 1.0 4520.6 0.0 3408.2
0 1.0 7750.8 0.0 0.0
evaluation 47
0 1.0 2800.0 0.0 2232.8
0 1.0 5323.6 0.0 3169.2
0 1.0 6638.4 0.0 0.0
evaluation 48
0 0.0 4000.0 1.0 5254.0
0 1.0 6722.8 0.0 5045.6
0 1.0 6786.4 0.0 4343.2
evaluation 49
0 0.0 3700.0 1.0 4971.2
0 0.0 5076.8 1.0 7178.8
0 1.0 6464.4 0.0 5710.0
evaluation 50
0 0.0 3500.0 1.0 4695.6
0 1.0 4960.0 0.0 4472.0
0 1.0 8804.0 0.0 3842.8
evaluation 51
0 0.0 3500.0 1.0 6130.0
0 1.0 6220.0 0.0 5500.0
0 0.0 6100.0 1.0 7820.0
evaluation 52
0 0.0 3500.0 1.0 5510.0
0 1.0 4000.0 0.0 3210.0
0 1.0 8410.0 0.0 7310.0
evaluation 53
0 1.0 3400.0 0.0 3300.0
0 1.0 7510.0 0.0 6000.0
0 1.0 5320.0 0.0 3920.0
evaluation 54
0 0.0 3200.0 1.0 8483.8
0 1.0 7649.5 0.0 5744.9
0 1.0 8853.2 0.0 6727.4
evaluation 55
0 0.0 4200.0 1.0 5344.0
0 1.0 6049.7 0.0 4135.8
0 1.0 8766.2 0.0 5925.3
evaluation 56
0 1.0 2000.0 0.0 0.0
0 1.0 6349.8 0.0 0.0
0 1.0 7455.5 0.0 0.0
evaluation 57
0 1.0 2000.0 0.0 0.0
0 1.0 5764.2 0.0 0.0
0 1.0 7866.1 0.0 0.0
evaluation 58
0 1.0 2000.0 0.0 0.0
0 1.0 5923.6 0.0 0.0
0 1.0 4144.5 0.0 0.0
evaluation 59
0 1.0 2000.0 0.0 0.0
0 1.0 3922.1 0.0 0.0
0 1.0 3950.2 0.0 0.0
evaluation 60
0 1.0 2000.0 0.0 0.0
0 1.0 3217.3 0.0 0.0
0 1.0 4112.0 0.0 0.0
evaluation 61
0 1.0 2000.0 0.0 0.0
0 1.0 3500.0 0.0 0.0
0 1.0 4000.0 0.0 0.0
evaluation 62
0 1.0 2000.0 0.0 0.0
0 1.0 5430.0 0.0 0.0
0 1.0 5310.0 0.0 0.0
evaluation 63
0 1.0 2000.0 0.0 0.0
0 1.0 4720.0 0.0 0.0
0 1.0 4800.0 0.0 0.0
evaluation 64
0 1.0 2000.0 0.0 0.0
0 1.0 4110.0 0.0 0.0
0 1.0 7230.0 0.0 0.0
evaluation 65
0 1.0 2000.0 0.0 0.0
0 1.0 5820.0 0.0 0.0
0 1.0 4520.0 0.0 0.0
evaluation 66
0 1.0 2000.0 0.0 0.0
0 1.0 2700.0 0.0 0.0
0 1.0 5210.0 0.0 0.0
evaluation 67
0 0.0 1500.0 1.0 3510.0
0 1.0 6410.0 0.0 5810.0
0 0.0 2200.0 1.0 3720.0
evaluation 68
0 0.0 2000.0 1.0 5910.0
0 0.0 6900.0 1.0 8130.0
0 0.0 6610.0 1.0 7930.0
evaluation 69
0 0.0 2200.0 1.0 3210.0
0 0.0 4072.1 1.0 5601.9
0 1.0 6911.0 0.0 5880.2
evaluation 70
0 0.0 2200.0 1.0 5010.0
0 1.0 6085.7 0.0 5410.0
0 0.0 3875.7 1.0 6978.4
evaluation 71
0 0.0 2200.0 1.0 3964.0
0 0.0 4516.3 1.0 5164.1
0 0.0 3215.4 1.0 9275.8
evaluation 72
0 0.0 2500.0 1.0 5054.3
0 0.0 3648.7 1.0 8227.2
0 0.0 6044.4 1.0 6057.7
evaluation 73
0 1.0 2900.0 0.0 2847.9
0 0.0 5514.6 1.0 7057.9
0 1.0 10063.4 0.0 3453.3
evaluation 74
0 0.0 2600.0 1.0 4450.0
0 1.0 4964.2 0.0 3696.8
0 0.0 4746.2 1.0 5003.3
evaluation 75
0 0.0 1900.0 1.0 2328.3
0 0.0 4262.5 1.0 7730.2
0 1.0 6190.3 0.0 5224.0
evaluation 76
0 0.0 2400.0 1.0 2821.6
0 1.0 5232.4 0.0 4434.8
0 1.0 5623.4 0.0 4951.6
evaluation 77
0 0.0 2300.0 1.0 2831.8
0 0.0 3954.2 1.0 4720.0
0 0.0 3244.2 1.0 3826.2
evaluation 78
0 0.0 1600.0 1.0 1925.8
0 1.0 6353.0 0.0 2932.0
0 0.0 1656.2 1.0 5723.6
evaluation 79
0 0.0 2100.0 1.0 3259.6
0 1.0 4146.8 0.0 1118.8
0 1.0 4951.6 0.0 3713.4
evaluation 80
0 0.0 2500.0 1.0 3928.4
0 1.0 3211.6 0.0 1418.4
0 1.0 6347.2 0.0 3853.8
evaluation 81
0 0.0 2100.0 1.0 3210.0
0 0.0 4510.0 1.0 4810.0
0 1.0 3920.0 0.0 3000.0
evaluation 82
0 0.0 1800.0 1.0 3920.0
0 1.0 4810.0 0.0 4600.0
0 1.0 7610.0 0.0 4510.0
evaluation 83
0 0.0 2100.0 1.0 3200.0
0 0.0 4910.0 1.0 5120.0
0 0.0 4200.0 1.0 4300.0
evaluation 84
0 0.0 1700.0 1.0 3410.0
0 0.0 1900.0 1.0 2230.0
0 1.0 7220.0 0.0 3800.0
evaluation 85
0 0.0 1800.0 1.0 3800.0
0 1.0 4900.0 0.0 3410.0
0 1.0 5720.0 0.0 5510.0
evaluation 86
0 1.0 1300.0 0.0 0.0
0 1.0 3700.0 0.0 0.0
0 1.0 3210.0 0.0 0.0
evaluation 87
0 1.0 1300.0 0.0 0.0
0 1.0 2600.0 0.0 0.0
0 1.0 3410.0 0.0 0.0
evaluation 88
0 1.0 1300.0 0.0 0.0
0 1.0 2800.0 0.0 0.0
0 1.0 3000.0 0.0 0.0
evaluation 89
0 1.0 1300.0 0.0 0.0
0 1.0 3200.0 0.0 0.0
0 1.0 2600.0 0.0 0.0
evaluation 90
0 1.0 1300.0 0.0 0.0
0 1.0 2410.0 0.0 0.0
0 1.0 4410.0 0.0 0.0
evaluation 91
0 1.0 1300.0 0.0 0.0
0 1.0 3610.0 0.0 0.0
0 1.0 3920.0 0.0 0.0
evaluation 92
0 1.0 1300.0 0.0 0.0
0 1.0 2710.0 0.0 0.0
0 1.0 6220.0 0.0 0.0
evaluation 93
0 0.0 1100.0 1.0 2700.0
0 0.0 2600.0 1.0 3800.0
0 1.0 2800.0 0.0 0.0
evaluation 94
0 0.0 1200.0 1.0 2800.0
0 0.0 3330.0 1.0 3410.0
0 1.0 4910.0 0.0 0.0
evaluation 95
0 0.0 2500.0 1.0 5210.0
0 1.0 4010.0 0.0 2900.0
0 1.0 7810.0 0.0 0.0
evaluation 96
0 1.0 3800.0 0.0 2800.0
0 0.0 4110.0 1.0 4810.0
0 1.0 8820.0 0.0 0.0
evaluation 97
0 0.0 2500.0 1.0 3500.0
0 1.0 5320.0 0.0 4500.0
0 1.0 6710.0 0.0 0.0
evaluation 98
0 0.0 2900.0 1.0 4710.0
0 0.0 5820.0 1.0 5910.0
0 1.0 7920.0 0.0 4300.0
evaluation 99
0 0.0 3100.0 1.0 4410.0
0 0.0 3800.0 1.0 5120.0
0 1.0 6100.0 0.0 5010.0
0 1.0 2400.0 0.0 0.0
0 1.0 4693.6 0.0 0.0
0 1.0 6444.4 0.0 0.0
4724446 ms elapsed
Best solution first found at eval: 96
Best solution: [10, 5, 2, 100, 1, 0, 0, 0, 0, 1, 0, 0, 0, 1, 1, 1, 1, 0, 0, 1, 0, 75, 0, 4, 0, 20, 1, 400, 200, 4]
Best fitness: 67.0
Final solution: [10, 5, 8, 100, 3, 0, 0, 0, 0, 1, 0, 0, 0, 1, 1, 1, 1, 0, 0, 1, 0, 100, 1, 2, 0, 20, 1, 400, 200, 1]
Final fitness: 17.508000000000038
Number of visits to optimal: 0
Total number of evaluations: 101

evaluation 0
0 1.0 1600.0 0.0 -799.2
0 1.0 2973.2 0.0 -799.2
0 1.0 5964.4 0.0 -799.2
evaluation 1
0 1.0 3400.0 0.0 -799.2
0 1.0 9695.6 0.0 -799.2
0 1.0 6472.4 0.0 -799.2
evaluation 2
0 1.0 2700.0 0.0 -799.2
0 1.0 6872.8 0.0 -789.2
0 1.0 9964.8 0.0 -799.2
evaluation 3
0 1.0 2700.0 0.0 -789.2
0 1.0 10291.2 0.0 -799.2
0 1.0 10399.6 0.0 -799.2
evaluation 4
0 1.0 0.0 0.0 -799.2
0 1.0 2159.6 0.0 -799.2
0 1.0 2163.6 0.0 -799.2
evaluation 5
0 0.5 0.0 0.5 0.0
0 1.0 3920.0 0.0 0.0
0 1.0 310.0 0.0 0.0
evaluation 6
0 0.5 0.0 0.5 0.0
0 1.0 1910.0 0.0 0.0
0 1.0 2100.0 0.0 0.0
evaluation 7
0 0.5 0.0 0.5 0.0
0 1.0 1200.0 0.0 0.0
0 1.0 5120.0 0.0 0.0
evaluation 8
0 1.0 1400.0 0.0 0.0
0 1.0 2900.0 0.0 0.0
0 1.0 3910.0 0.0 0.0
evaluation 9
0 1.0 1400.0 0.0 0.0
0 1.0 1218.8 0.0 0.0
0 1.0 7671.6 0.0 0.0
evaluation 10
0 1.0 1400.0 0.0 0.0
0 1.0 3080.0 0.0 0.0
0 1.0 5848.4 0.0 0.0
evaluation 11
0 1.0 1000.0 0.0 0.0
0 1.0 2417.6 0.0 0.0
0 1.0 4628.0 0.0 0.0
evaluation 12
0 1.0 1000.0 0.0 0.0
0 1.0 1667.2 0.0 0.0
0 1.0 4399.6 0.0 10.0
evaluation 13
0 0.0 1300.0 1.0 4988.8
0 0.0 1644.8 1.0 5054.4
0 0.0 2979.2 1.0 6505.6
evaluation 14
0 0.0 1500.0 1.0 4593.6
0 0.0 1719.6 1.0 6565.2
0 0.0 3292.8 1.0 4634.0
evaluation 15
0 0.5 0.0 0.5 0.0
0 1.0 2574.4 0.0 1500.0
0 1.0 4997.2 0.0 1900.0
evaluation 16
0 0.5 0.0 0.5 0.0
0 1.0 3067.5 0.0 1800.0
0 1.0 3682.0 0.0 1400.0
evaluation 17
0 0.5 0.0 0.5 0.0
0 1.0 1484.0 0.0 500.0
0 1.0 3115.5 0.0 1700.0
evaluation 18
0 0.5 0.0 0.5 0.0
0 1.0 1046.5 0.0 1000.0
0 1.0 3283.0 0.0 1300.0
evaluation 19
0 0.5 2000.0 0.5 2000.0
0 1.0 6336.0 0.0 3900.0
0 1.0 7404.5 0.0 4000.0
evaluation 20
0 0.5 2000.0 0.5 2000.0
0 1.0 3610.5 0.0 1900.0
0 1.0 5206.5 0.0 2000.0
evaluation 21
0 0.5 2000.0 0.5 2000.0
0 0.0 3580.5 1.0 3600.0
0 1.0 5215.5 0.0 3300.0
evaluation 22
0 0.5 2000.0 0.5 2000.0
0 1.0 5019.5 0.0 3400.0
0 1.0 4358.0 0.0 2800.0
evaluation 23
0 0.5 3000.0 0.5 3000.0
0 1.0 5186.0 0.0 3400.0
0 1.0 9699.5 0.0 3600.0
evaluation 24
0 0.5 0.0 0.5 0.0
0 1.0 3680.0 0.0 2300.0
0 1.0 2287.0 0.0 1900.0
evaluation 25
0 0.5 19000.0 0.5 19000.0
0 1.0 12503.5 0.0 12300.0
0 1.0 4043.5 0.0 1200.0
evaluation 26
0 0.5 19000.0 0.5 19000.0
0 1.0 11231.0 0.0 5200.0
0 0.0 8533.5 1.0 8810.0
evaluation 27
0 1.0 20410.0 0.0 19000.0
0 1.0 8641.0 0.0 7800.0
0 1.0 8372.5 0.0 8000.0
evaluation 28
0 0.5 0.0 0.5 0.0
0 1.0 4126.5 0.0 2000.0
0 1.0 4040.0 0.0 1900.0
evaluation 29
0 0.5 0.0 0.5 0.0
0 1.0 2329.5 0.0 800.0
0 1.0 5042.0 0.0 2700.0
evaluation 30
0 0.5 0.0 0.5 0.0
0 1.0 3206.5 0.0 3100.0
0 0.0 1550.5 1.0 1700.0
evaluation 31
0 0.5 0.0 0.5 0.0
0 1.0 429.0 0.0 400.0
0 1.0 4595.0 0.0 1700.0
evaluation 32
0 0.5 0.0 0.5 0.0
0 1.0 3000.0 0.0 1400.0
0 1.0 2120.0 0.0 2100.0
evaluation 33
0 0.5 1000.0 0.5 1000.0
0 1.0 3520.0 0.0 1900.0
0 1.0 3510.0 0.0 2300.0
evaluation 34
0 0.5 1000.0 0.5 1000.0
0 1.0 4510.0 0.0 2900.0
0 1.0 5520.0 0.0 2600.0
evaluation 35
0 0.5 1000.0 0.5 1000.0
0 1.0 4620.0 0.0 1600.0
0 1.0 2220.0 0.0 1600.0
evaluation 36
0 0.5 0.0 0.5 0.0
0 1.0 1300.0 0.0 700.0
0 1.0 2620.0 0.0 1500.0
evaluation 37
0 0.5 0.0 0.5 0.0
0 1.0 1300.0 0.0 1000.0
0 1.0 1600.0 0.0 500.0
evaluation 38
0 0.5 0.0 0.5 0.0
0 1.0 900.0 0.0 0.0
0 1.0 2920.0 0.0 600.0
evaluation 39
0 0.0 800.0 1.0 1920.0
0 0.0 1300.0 1.0 1310.0
0 0.0 2920.0 1.0 3200.0
evaluation 40
0 1.0 500.0 0.0 200.0
0 1.0 1310.0 0.0 600.0
0 0.0 3710.0 1.0 3810.0
evaluation 41
0 0.0 0.0 1.0 1900.0
0 1.0 220.0 0.0 110.0
0 1.0 2120.0 0.0 10.0
evaluation 42
0 0.0 0.0 1.0 1810.0
0 0.0 1400.0 1.0 1920.0
0 1.0 5620.0 0.0 1400.0
evaluation 43
0 0.0 0.0 1.0 110.0
0 1.0 2310.0 0.0 2000.0
0 1.0 1400.0 0.0 100.0
evaluation 44
0 0.5 0.0 0.5 0.0
0 0.0 10.0 1.0 2010.0
0 1.0 1810.0 0.0 300.0
evaluation 45
0 0.0 700.0 1.0 1110.0
0 0.0 1000.0 1.0 1010.0
0 0.0 410.0 1.0 2100.0
evaluation 46
0 0.5 0.0 0.5 0.0
0 0.0 0.0 1.0 1620.0
0 1.0 3400.0 0.0 1400.0
evaluation 47
0 0.0 700.0 1.0 1210.0
0 0.0 2910.0 1.0 3720.0
0 1.0 4310.0 0.0 2600.0
evaluation 48
0 0.0 700.0 1.0 1300.0
0 1.0 3420.0 0.0 2700.0
0 1.0 2300.0 0.0 1510.0
evaluation 49
0 0.0 400.0 1.0 1220.0
0 0.0 500.0 1.0 1810.0
0 1.0 2510.0 0.0 1110.0
evaluation 50
0 0.0 2300.0 1.0 4520.0
0 1.0 1810.0 0.0 1700.0
0 1.0 3810.0 0.0 3000.0
evaluation 51
0 0.0 1900.0 1.0 3320.0
0 1.0 4810.0 0.0 2500.0
0 0.0 2620.0 1.0 2910.0
evaluation 52
0 0.0 1400.0 1.0 1610.0
0 1.0 3100.0 0.0 2410.0
0 1.0 2830.0 0.0 2500.0
evaluation 53
0 0.0 2700.0 1.0 4700.0
0 1.0 7010.0 0.0 5500.0
0 1.0 9510.0 0.0 7310.0
evaluation 54
0 0.0 2900.0 1.0 4310.0
0 1.0 5210.0 0.0 4910.0
0 1.0 10610.0 0.0 7200.0
evaluation 55
0 0.0 1200.0 1.0 2000.0
0 1.0 2800.0 0.0 2310.0
0 1.0 4500.0 0.0 0.0
evaluation 56
0 0.0 800.0 1.0 1400.0
0 1.0 3400.0 0.0 1700.0
0 1.0 5510.0 0.0 0.0
evaluation 57
0 0.0 1200.0 1.0 4320.0
0 1.0 3420.0 0.0 2600.0
0 1.0 6320.0 0.0 0.0
evaluation 58
0 0.0 1100.0 1.0 2600.0
0 0.0 3120.0 1.0 3800.0
0 1.0 4220.0 0.0 0.0
evaluation 59
0 1.0 2800.0 0.0 2600.0
0 1.0 2300.0 0.0 2000.0
0 1.0 3710.0 0.0 0.0
evaluation 60
0 0.0 1400.0 1.0 2600.0
0 1.0 5020.0 0.0 3200.0
0 1.0 4310.0 0.0 0.0
evaluation 61
0 0.0 2000.0 1.0 2300.0
0 1.0 3500.0 0.0 3100.0
0 1.0 4300.0 0.0 0.0
evaluation 62
0 0.0 2100.0 1.0 2300.0
0 1.0 4310.0 0.0 3300.0
0 1.0 5410.0 0.0 0.0
evaluation 63
0 0.0 1700.0 1.0 1800.0
0 0.0 4910.0 1.0 5200.0
0 1.0 5910.0 0.0 0.0
evaluation 64
0 0.0 800.0 1.0 2010.0
0 1.0 4110.0 0.0 3200.0
0 1.0 3900.0 0.0 10.0
evaluation 65
0 0.0 1500.0 1.0 2710.0
0 1.0 5010.0 0.0 1700.0
0 1.0 4800.0 0.0 0.0
evaluation 66
0 0.0 1610.0 1.0 2210.0
0 1.0 5310.0 0.0 2500.0
0 1.0 1500.0 0.0 10.0
evaluation 67
0 1.0 2200.0 0.0 1900.0
0 0.0 1900.0 1.0 2600.0
0 1.0 3410.0 0.0 0.0
evaluation 68
0 0.0 900.0 1.0 5710.0
0 0.0 2000.0 1.0 4600.0
0 1.0 6710.0 0.0 0.0
evaluation 69
0 0.0 0.0 1.0 2310.0
0 1.0 3720.0 0.0 3100.0
0 1.0 5210.0 0.0 0.0
evaluation 70
0 1.0 4000.0 0.0 229.59999999999997
0 0.0 42.39999999999998 1.0 125.19999999999999
0 1.0 5432.0 0.0 0.0
evaluation 71
0 0.0 0.0 1.0 1908.0
0 1.0 1736.4 0.0 361.59999999999997
0 1.0 4307.6 0.0 -800.0
evaluation 72
0 0.0 200.0 1.0 1361.6
0 0.0 2768.0 1.0 4331.2
0 1.0 2557.2 0.0 0.0
evaluation 73
0 1.0 1610.0 0.0 103.19999999999999
0 1.0 3086.0 0.0 2616.0
0 1.0 3542.0 0.0 0.0
evaluation 74
0 1.0 2800.0 0.0 1082.8
0 1.0 3769.6 0.0 2860.8
0 1.0 3712.0 0.0 0.0
evaluation 75
0 1.0 1100.0 0.0 105.6
0 0.0 3690.4 1.0 3718.8
0 1.0 1318.4 0.0 0.0
evaluation 76
0 0.0 200.0 1.0 710.8
0 1.0 3508.0 0.0 2886.4
0 1.0 3451.2 0.0 0.0
evaluation 77
0 0.0 0.0 1.0 202.8
0 0.0 2868.8 1.0 5554.0
0 1.0 2464.0 0.0 0.0
evaluation 78
0 0.0 2200.0 1.0 4357.2
0 0.0 3693.6 1.0 7474.4
0 1.0 9183.2 0.0 0.0
evaluation 79
0 0.0 2900.0 1.0 3767.7
0 1.0 5109.9 0.0 3173.4
0 1.0 6776.4 0.0 0.0
evaluation 80
0 0.0 2300.0 1.0 3601.3
0 1.0 3955.4 0.0 2557.1
0 1.0 6530.2 0.0 0.0
evaluation 81
0 0.0 2400.0 1.0 2444.6
0 1.0 5142.1 0.0 2214.5
0 1.0 9392.9 0.0 0.0
evaluation 82
0 0.0 2400.0 1.0 4252.3
0 1.0 6932.3 0.0 3750.3
0 1.0 7893.9 0.0 0.0
evaluation 83
0 0.0 2300.0 1.0 3700.0
0 1.0 5430.0 0.0 3800.0
0 1.0 5700.0 0.0 0.0
evaluation 84
0 0.0 2100.0 1.0 6120.0
0 1.0 6920.0 0.0 4010.0
0 1.0 8310.0 0.0 0.0
evaluation 85
0 0.0 2300.0 1.0 3372.8
0 1.0 5886.8 0.0 3522.3
0 1.0 6762.2 0.0 0.0
evaluation 86
0 0.0 2000.0 1.0 2487.2
0 1.0 5307.6 0.0 3588.5
0 1.0 14318.9 0.0 -1400.0
evaluation 87
0 0.0 800.0 1.0 3767.9
0 1.0 5880.4 0.0 5074.3
0 1.0 9231.1 0.0 -1400.0
evaluation 88
0 0.0 1000.0 1.0 4979.6
0 1.0 8254.9 0.0 1452.5
0 1.0 4156.2 0.0 -1400.0
evaluation 89
0 0.0 800.0 1.0 5906.1
0 1.0 9630.9 0.0 4509.8
0 1.0 7785.4 0.0 -1400.0
evaluation 90
0 0.0 1300.0 1.0 3107.5
0 0.0 5367.7 1.0 6181.0
0 1.0 13966.4 0.0 -1400.0
evaluation 91
0 0.0 1600.0 1.0 16963.3
0 0.0 5790.5 1.0 5937.0
0 1.0 9210.1 0.0 -1400.0
evaluation 92
0 0.0 1200.0 1.0 4795.7
0 1.0 6362.4 0.0 4258.7
0 1.0 9852.7 0.0 -1400.0
evaluation 93
0 0.0 3000.0 1.0 12280.3
0 1.0 6134.9 0.0 5468.7
0 1.0 8787.6 0.0 0.0
evaluation 94
0 1.0 3800.0 0.0 2536.5
0 1.0 7294.3 0.0 6516.2
0 1.0 11576.4 0.0 0.0
evaluation 95
0 1.0 2700.0 0.0 2121.6
0 1.0 4527.2 0.0 3647.5
0 1.0 5273.6 0.0 0.0
evaluation 96
0 0.0 3800.0 1.0 10115.0
0 0.0 2526.5 1.0 8582.0
0 1.0 13997.6 0.0 0.0
evaluation 97
0 0.0 4000.0 1.0 5280.3
0 0.0 2731.6 1.0 4209.2
0 1.0 13785.0 0.0 0.0
evaluation 98
0 0.0 2600.0 1.0 2698.7
0 0.0 2116.7 1.0 5802.7
0 1.0 11580.1 0.0 0.0
evaluation 99
0 1.0 4200.0 0.0 3454.0
0 1.0 9121.6 0.0 4937.0
0 1.0 10386.9 0.0 0.0
0 0.0 2200.0 1.0 3909.7
0 0.0 2520.9 1.0 2970.5
0 1.0 2373.6 0.0 0.0
3331771 ms elapsed
Best solution first found at eval: 92
Best solution: [8, 3, 6, 100, 4, 1, 0, 1, 0, 1, 1, 1, 1, 0, 0, 1, 0, 0, 1, 1, 1, 75, 0, 7, 0, 10, 2, 500, 250, 4]
Best fitness: 152.16800000000012
Final solution: [8, 3, 6, 100, 4, 0, 0, 1, 0, 1, 1, 1, 1, 0, 0, 1, 0, 0, 1, 1, 1, 25, 0, 7, 0, 10, 2, 500, 250, 4]
Final fitness: 12.600999999999999
Number of visits to optimal: 0
Total number of evaluations: 101

evaluation 0
0 0.0 1700.0 1.0 5710.0
0 0.0 6310.0 1.0 6500.0
0 0.0 4920.0 1.0 6100.0
evaluation 1
0 0.0 1900.0 1.0 6120.0
0 0.0 3807.0 1.0 6300.0
0 0.0 4608.8 1.0 10108.8
evaluation 2
0 0.0 1500.0 1.0 9020.0
0 1.0 4110.0 0.0 3800.0
0 0.0 6000.0 1.0 8200.0
evaluation 3
0 0.0 2200.0 1.0 9310.0
0 1.0 8820.0 0.0 3609.5
0 0.0 3600.0 1.0 13409.0
evaluation 4
0 0.0 1000.0 1.0 4110.0
0 0.0 809.5 1.0 6700.0
0 0.0 3909.5 1.0 6000.0
evaluation 5
0 0.0 1500.0 1.0 6410.0
0 0.0 3610.0 1.0 4800.0
0 0.0 3510.0 1.0 5910.0
evaluation 6
0 0.0 1200.0 1.0 4409.5
0 0.0 1720.0 1.0 4899.5
0 0.0 3110.0 1.0 5900.0
evaluation 7
0 1.0 1300.0 0.0 0.0
0 1.0 4310.0 0.0 0.0
0 1.0 7320.0 0.0 0.0
evaluation 8
0 1.0 900.0 0.0 0.0
0 1.0 3710.0 0.0 0.0
0 1.0 3310.0 0.0 0.0
evaluation 9
0 1.0 900.0 0.0 0.0
0 1.0 500.0 0.0 0.0
0 1.0 5510.0 0.0 0.0
evaluation 10
0 1.0 1500.0 0.0 0.0
0 1.0 810.0 0.0 0.0
0 1.0 6920.0 0.0 0.0
evaluation 11
0 1.0 1900.0 0.0 0.0
0 1.0 4220.0 0.0 0.0
0 1.0 8330.0 0.0 0.0
evaluation 12
0 1.0 1800.0 0.0 0.0
0 1.0 310.0 0.0 0.0
0 1.0 7720.0 0.0 0.0
evaluation 13
0 1.0 1400.0 0.0 0.0
0 1.0 2100.0 0.0 10.0
0 1.0 7010.0 0.0 0.0
evaluation 14
0 1.0 1210.0 0.0 0.0
0 1.0 3610.0 0.0 0.0
0 1.0 6010.0 0.0 0.0
evaluation 15
0 1.0 1000.0 0.0 0.0
0 1.0 2210.0 0.0 0.0
0 1.0 5210.0 0.0 0.0
evaluation 16
0 1.0 1000.0 0.0 0.0
0 1.0 5100.0 0.0 0.0
0 1.0 8200.0 0.0 0.0
evaluation 17
0 1.0 1600.0 0.0 0.0
0 1.0 1410.0 0.0 0.0
0 1.0 8010.0 0.0 0.0
evaluation 18
0 0.0 600.0 1.0 2610.0
0 0.0 1900.0 1.0 3520.0
0 1.0 8020.0 0.0 5410.0
evaluation 19
0 0.0 1000.0 1.0 3210.0
0 0.0 900.0 1.0 1820.0
0 1.0 4720.0 0.0 1810.0
evaluation 20
0 0.0 2100.0 1.0 4500.0
0 1.0 3820.0 0.0 2410.0
0 1.0 7410.0 0.0 4210.0
evaluation 21
0 0.0 2200.0 1.0 3400.0
0 1.0 4220.0 0.0 4000.0
0 1.0 7920.0 0.0 3800.0
evaluation 22
0 0.0 2100.0 1.0 3200.0
0 1.0 5720.0 0.0 3900.0
0 1.0 5000.0 0.0 3200.0
evaluation 23
0 0.0 2300.0 1.0 5220.0
0 0.0 4300.0 1.0 4410.0
0 1.0 5910.0 0.0 4400.0
evaluation 24
0 1.0 2000.0 0.0 1910.0
0 1.0 4110.0 0.0 3900.0
0 1.0 7510.0 0.0 3300.0
evaluation 25
0 0.0 2900.0 1.0 5700.0
0 1.0 5030.0 0.0 3700.0
0 1.0 5500.0 0.0 4110.0
evaluation 26
0 0.0 2000.0 1.0 3000.0
0 1.0 5720.0 0.0 4700.0
0 1.0 9920.0 0.0 5400.0
evaluation 27
0 0.0 3000.0 1.0 5110.0
0 0.0 3600.0 1.0 5910.0
0 1.0 10010.0 0.0 6410.0
evaluation 28
0 0.0 1400.0 1.0 1810.0
0 1.0 2700.0 0.0 2200.0
0 1.0 4320.0 0.0 1500.0
evaluation 29
0 0.0 1100.0 1.0 1500.0
0 1.0 1620.0 0.0 1200.0
0 1.0 2610.0 0.0 2210.0
evaluation 30
0 1.0 1400.0 0.0 1124.8
0 1.0 3612.4 0.0 494.0
0 1.0 2884.4 0.0 1806.8
evaluation 31
0 1.0 1400.0 0.0 520.4
0 1.0 2384.4 0.0 1420.8
0 1.0 3756.4 0.0 1678.4
evaluation 32
0 0.0 1300.0 1.0 1633.1
0 1.0 3097.9 0.0 2995.3
0 1.0 1343.8 0.0 498.8
evaluation 33
0 0.0 1200.0 1.0 1546.5
0 0.0 1396.3 1.0 2103.2
0 1.0 4434.6 0.0 3528.7
evaluation 34
0 0.0 1400.0 1.0 1540.0
0 1.0 2547.4 0.0 1068.1
0 1.0 3417.5 0.0 3082.6
evaluation 35
0 0.0 1000.0 1.0 1586.3000000000002
0 1.0 2478.7 0.0 1581.1
0 1.0 2261.0 0.0 1884.1
evaluation 36
0 0.0 1200.0 1.0 1233.7
0 0.0 658.2 1.0 797.7
0 1.0 4208.9 0.0 986.8000000000001
evaluation 37
0 1.0 700.0 0.0 336.20000000000005
0 0.0 2185.2 1.0 2279.4
0 1.0 2928.7 0.0 1972.4
evaluation 38
0 0.0 -200.0 1.0 1366.5
0 1.0 2085.0 0.0 1911.0
0 1.0 5224.7 0.0 1909.4
evaluation 39
0 0.0 -100.0 1.0 1336.1
0 0.0 2710.6 1.0 3166.5
0 1.0 1300.6 0.0 727.5
evaluation 40
0 0.0 -700.0 1.0 2633.7
0 1.0 1703.6 0.0 746.2
0 1.0 2251.6000000000004 0.0 1056.5
evaluation 41
0 0.0 -2898.5999999999995 1.0 -1559.3999999999996
0 0.0 -1688.3999999999996 1.0 -628.8999999999996
0 1.0 25.600000000000364 0.0 -426.6999999999998
evaluation 42
0 0.0 -3398.5999999999995 1.0 -938.8999999999996
0 0.0 -871.7999999999997 1.0 -102.39999999999964
0 1.0 1285.8000000000002 0.0 -1702.8999999999996
evaluation 43
0 0.0 700.0 1.0 710.0
0 1.0 2420.0 0.0 1800.0
0 1.0 3010.0 0.0 2210.0
evaluation 44
0 0.0 800.0 1.0 1510.0
0 0.0 1510.0 1.0 1700.0
0 1.0 2500.0 0.0 2300.0
evaluation 45
0 0.0 1200.0 1.0 2200.0
0 1.0 2920.0 0.0 2700.0
0 1.0 1910.0 0.0 1810.0
evaluation 46
0 0.0 1200.0 1.0 3010.0
0 0.0 1200.0 1.0 1400.0
0 1.0 3810.0 0.0 2100.0
evaluation 47
0 0.5 0.0 0.5 0.0
0 1.0 1510.0 0.0 1200.0
0 1.0 1610.0 0.0 900.0
evaluation 48
0 0.5 0.0 0.5 0.0
0 1.0 810.0 0.0 100.0
0 1.0 5030.0 0.0 700.0
evaluation 49
0 0.5 0.0 0.5 0.0
0 1.0 510.0 0.0 0.0
0 0.0 1810.0 1.0 2400.0
evaluation 50
0 0.5 0.0 0.5 0.0
0 1.0 2610.0 0.0 0.0
0 1.0 4800.0 0.0 4400.0
evaluation 51
0 0.5 0.0 0.5 0.0
0 0.0 5100.0 1.0 7400.0
0 1.0 2020.0 0.0 0.0
evaluation 52
0 0.5 0.0 0.5 0.0
0 0.0 2000.0 1.0 2400.0
0 1.0 3210.0 0.0 2400.0
evaluation 53
0 0.0 0.0 1.0 700.0
0 1.0 4610.0 0.0 3920.0
0 1.0 4710.0 0.0 4500.0
evaluation 54
0 0.0 0.0 1.0 1810.0
0 1.0 400.0 0.0 0.0
0 0.0 200.0 1.0 1310.0
evaluation 55
0 0.0 0.0 1.0 2200.0
0 1.0 2000.0 0.0 910.0
0 1.0 1000.0 0.0 100.0
evaluation 56
0 1.0 2600.0 0.0 0.0
0 1.0 4730.0 0.0 0.0
0 1.0 10910.0 0.0 0.0
evaluation 57
0 1.0 2600.0 0.0 0.0
0 1.0 3200.0 0.0 0.0
0 1.0 8810.0 0.0 0.0
evaluation 58
0 1.0 2400.0 0.0 0.0
0 1.0 2510.0 0.0 0.0
0 1.0 9420.0 0.0 0.0
evaluation 59
0 1.0 2200.0 0.0 0.0
0 1.0 4110.0 0.0 0.0
0 1.0 11520.0 0.0 0.0
evaluation 60
0 1.0 3000.0 0.0 0.0
0 1.0 2710.0 0.0 0.0
0 1.0 6000.0 0.0 0.0
evaluation 61
0 1.0 3000.0 0.0 0.0
0 1.0 2210.0 0.0 0.0
0 1.0 7630.0 0.0 0.0
evaluation 62
0 1.0 3000.0 0.0 0.0
0 1.0 3010.0 0.0 0.0
0 1.0 3200.0 0.0 0.0
evaluation 63
0 1.0 3000.0 0.0 0.0
0 1.0 3300.0 0.0 0.0
0 1.0 8210.0 0.0 0.0
evaluation 64
0 1.0 2600.0 0.0 0.0
0 1.0 4220.0 0.0 0.0
0 1.0 7300.0 0.0 0.0
evaluation 65
0 1.0 3000.0 0.0 0.0
0 1.0 3710.0 0.0 0.0
0 1.0 7320.0 0.0 0.0
evaluation 66
0 1.0 1700.0 0.0 0.0
0 1.0 2510.0 0.0 0.0
0 1.0 5400.0 0.0 0.0
evaluation 67
0 1.0 1400.0 0.0 0.0
0 1.0 2110.0 0.0 0.0
0 1.0 3800.0 0.0 10.0
evaluation 68
0 1.0 1400.0 0.0 0.0
0 1.0 1295.1 0.0 0.0
0 1.0 3015.4 0.0 0.0
evaluation 69
0 1.0 1400.0 0.0 0.0
0 1.0 2722.1 0.0 0.0
0 1.0 4351.2 0.0 0.0
evaluation 70
0 1.0 1400.0 0.0 0.0
0 1.0 712.5 0.0 0.0
0 1.0 4199.5 0.0 0.0
evaluation 71
0 1.0 500.0 0.0 0.0
0 1.0 1209.0 0.0 0.0
0 1.0 2137.9 0.0 0.0
evaluation 72
0 1.0 500.0 0.0 0.0
0 1.0 1097.7 0.0 0.0
0 1.0 4815.1 0.0 0.0
evaluation 73
0 1.0 700.0 0.0 0.0
0 1.0 303.5 0.0 0.0
0 1.0 2906.6 0.0 0.0
evaluation 74
0 1.0 700.0 0.0 0.0
0 1.0 1114.6 0.0 0.0
0 1.0 4565.3 0.0 0.0
evaluation 75
0 1.0 500.0 0.0 0.0
0 1.0 316.1 0.0 0.0
0 1.0 2853.0 0.0 0.0
evaluation 76
0 1.0 500.0 0.0 0.0
0 1.0 1220.1 0.0 0.0
0 1.0 3670.8 0.0 0.0
evaluation 77
0 0.5 0.0 0.5 0.0
0 1.0 1195.5 0.0 0.0
0 1.0 4448.5 0.0 0.0
evaluation 78
0 0.5 0.0 0.5 0.0
0 1.0 513.0 0.0 0.0
0 1.0 4354.0 0.0 0.0
evaluation 79
0 0.5 0.0 0.5 0.0
0 1.0 1227.4 0.0 0.0
0 1.0 2612.2 0.0 0.0
evaluation 80
0 1.0 500.0 0.0 0.0
0 1.0 2209.8 0.0 0.0
0 1.0 6235.9 0.0 0.0
evaluation 81
0 1.0 500.0 0.0 0.0
0 1.0 520.0 0.0 0.0
0 1.0 4761.1 0.0 0.0
evaluation 82
0 0.5 0.0 0.5 0.0
0 1.0 2534.2 0.0 0.0
0 1.0 4769.7 0.0 0.0
evaluation 83
0 1.0 500.0 0.0 0.0
0 1.0 84.60000000000001 0.0 0.0
0 1.0 3277.0 0.0 0.0
evaluation 84
0 1.0 500.0 0.0 0.0
0 1.0 1200.0 0.0 0.0
0 1.0 4957.1 0.0 0.0
evaluation 85
0 1.0 500.0 0.0 0.0
0 1.0 9.100000000000023 0.0 0.0
0 1.0 3838.9 0.0 0.0
evaluation 86
0 1.0 500.0 0.0 0.0
0 1.0 294.0 0.0 0.0
0 1.0 4682.1 0.0 0.0
evaluation 87
0 1.0 500.0 0.0 0.0
0 0.0 -243.09999999999997 1.0 0.0
0 1.0 2009.7 0.0 0.0
evaluation 88
0 1.0 500.0 0.0 0.0
0 0.0 -111.19999999999999 1.0 0.0
0 1.0 2595.9 0.0 0.0
evaluation 89
0 1.0 600.0 0.0 0.0
0 0.0 -216.2 1.0 0.0
0 1.0 3383.2 0.0 0.0
evaluation 90
0 1.0 600.0 0.0 0.0
0 0.0 -146.0 1.0 0.0
0 1.0 4685.1 0.0 0.0
evaluation 91
0 1.0 500.0 0.0 0.0
0 0.0 -133.79999999999995 1.0 0.0
0 1.0 3134.6 0.0 0.0
evaluation 92
0 1.0 500.0 0.0 0.0
0 1.0 1800.0 0.0 0.0
0 1.0 3320.0 0.0 0.0
evaluation 93
0 1.0 500.0 0.0 0.0
0 1.0 1200.0 0.0 0.0
0 1.0 4310.0 0.0 0.0
evaluation 94
0 1.0 600.0 0.0 0.0
0 1.0 1110.0 0.0 0.0
0 1.0 4010.0 0.0 0.0
evaluation 95
0 0.5 0.0 0.5 0.0
0 1.0 410.0 0.0 0.0
0 1.0 10.0 0.0 0.0
evaluation 96
0 0.5 0.0 0.5 0.0
0 1.0 410.0 0.0 0.0
0 1.0 610.0 0.0 0.0
evaluation 97
0 0.5 0.0 0.5 0.0
0 1.0 1620.0 0.0 0.0
0 1.0 1320.0 0.0 0.0
evaluation 98
0 0.5 0.0 0.5 0.0
0 1.0 410.0 0.0 0.0
0 1.0 920.0 0.0 0.0
evaluation 99
0 0.5 0.0 0.5 0.0
0 1.0 110.0 0.0 0.0
0 1.0 300.0 0.0 0.0
0 0.0 700.0 1.0 2500.0
0 0.0 310.0 1.0 410.0
0 1.0 4710.0 0.0 700.0
2917907 ms elapsed
Best solution first found at eval: 22
Best solution: [7, 7, 6, 80, 4, 1, 0, 1, 1, 0, 1, 1, 1, 0, 1, 1, 1, 0, 1, 1, 1, 75, 3, 0, 0, 20, 1, 500, 200, 3]
Best fitness: 39.0
Final solution: [7, 4, 6, 40, 4, 1, 0, 0, 1, 0, 1, 1, 1, 0, 0, 1, 1, 0, 1, 1, 1, 75, 3, 0, 0, 20, 1, 500, 200, 3]
Final fitness: 17.0
Number of visits to optimal: 0
Total number of evaluations: 101

evaluation 0
0 0.0 1200.0 1.0 3068.8
0 0.0 3599.6 1.0 4133.8
0 1.0 1808.2 0.0 1265.8000000000002
evaluation 1
0 0.0 -315.0 1.0 7027.8
0 0.0 2636.4 1.0 3579.4
0 0.0 2711.4 1.0 5506.4
evaluation 2
0 0.0 -300.0 1.0 7921.2
0 0.0 2935.4 1.0 6167.4
0 0.0 4681.4 1.0 6485.6
evaluation 3
0 0.0 -1200.0 1.0 2367.6
0 0.0 506.4 1.0 3269.6
0 0.0 1699.6 1.0 2166.6
evaluation 4
0 0.0 186.20000000000027 1.0 8470.8
0 1.0 2589.0 0.0 2241.6000000000004
0 0.0 2049.4 1.0 4273.0
evaluation 5
0 0.0 -300.0 1.0 7873.0
0 0.0 2371.4 1.0 5556.6
0 0.0 1140.4 1.0 4507.2
evaluation 6
0 0.0 -1300.0 1.0 7092.2
0 0.0 1757.4 1.0 6780.0
0 0.0 -658.0 1.0 4153.0
evaluation 7
0 0.0 -800.0 1.0 9220.0
0 0.0 547.4000000000001 1.0 3031.4
0 0.0 2663.2 1.0 6720.6
evaluation 8
0 0.0 -900.0 1.0 818.2
0 1.0 4730.6 0.0 4286.2
0 0.0 -249.5999999999999 1.0 -174.5999999999999
evaluation 9
0 0.0 200.0 1.0 2339.0
0 0.0 -613.0 1.0 1118.4
0 0.0 -211.39999999999998 1.0 -3.7999999999999545
evaluation 10
0 0.0 -300.0 1.0 3244.0
0 1.0 114.39999999999998 0.0 -573.3999999999999
0 1.0 829.2 0.0 -2400.0
evaluation 11
0 0.0 -2400.0 1.0 -1408.8
0 0.0 -890.6 1.0 45.799999999999955
0 1.0 -765.0 0.0 -2400.0
evaluation 12
0 0.0 -2400.0 1.0 -1318.8
0 0.0 -944.0 1.0 -385.20000000000005
0 1.0 770.8000000000001 0.0 -2400.0
evaluation 13
0 0.0 -1400.0 1.0 -159.39999999999986
0 0.0 -941.4 1.0 -280.20000000000005
0 1.0 7768.6 0.0 -2400.0
evaluation 14
0 0.0 -1000.0 1.0 94.60000000000014
0 1.0 749.2 0.0 661.4000000000001
0 1.0 5564.8 0.0 -2400.0
evaluation 15
0 0.0 -1309.6 1.0 -1269.2
0 1.0 1094.6000000000001 0.0 -1374.0
0 1.0 6627.4 0.0 -2400.0
evaluation 16
0 0.0 -1309.6 1.0 -427.20000000000005
0 0.0 -863.8 1.0 476.20000000000005
0 1.0 4448.6 0.0 -2400.0
evaluation 17
0 0.0 -809.5999999999999 1.0 133.4000000000001
0 0.0 -793.5999999999999 1.0 4755.6
0 1.0 10689.0 0.0 -2409.6
evaluation 18
0 1.0 -509.5999999999999 0.0 -1390.2
0 0.0 -1329.6 1.0 1647.8
0 1.0 14246.0 0.0 -2409.6
evaluation 19
0 1.0 -209.5999999999999 0.0 -673.2
0 0.0 -387.5999999999999 1.0 210.60000000000014
0 1.0 9587.2 0.0 -2409.6
evaluation 20
0 1.0 -509.5999999999999 0.0 -666.0
0 0.0 -1242.0 1.0 7885.2
0 1.0 13029.0 0.0 -2409.6
evaluation 21
0 0.0 -509.5999999999999 1.0 800.6000000000001
0 0.0 917.2 1.0 1347.0
0 1.0 7113.6 0.0 -2409.6
evaluation 22
0 1.0 -509.5999999999999 0.0 -648.5999999999999
0 0.0 -1250.3999999999999 1.0 436.4000000000001
0 1.0 7277.0 0.0 -2409.6
evaluation 23
0 0.0 -509.5999999999999 1.0 8548.4
0 1.0 3585.0 0.0 -1255.3999999999999
0 1.0 8720.8 0.0 -2409.6
evaluation 24
0 0.0 -1209.6 1.0 -267.79999999999995
0 0.0 1095.0 1.0 2487.2
0 1.0 7206.4 0.0 -2409.6
evaluation 25
0 0.0 -1209.6 1.0 634.8
0 0.0 1247.8 1.0 3042.6000000000004
0 1.0 6240.6 0.0 -2409.6
evaluation 26
0 0.0 -1400.0 1.0 1245.2
0 0.0 985.6000000000001 1.0 1569.2
0 1.0 3745.6000000000004 0.0 -2409.6
evaluation 27
0 0.0 -1200.0 1.0 201.0
0 1.0 1936.0 0.0 1508.2
0 1.0 7671.0 0.0 -2409.6
evaluation 28
0 0.0 2800.0 1.0 5028.4
0 1.0 6923.8 0.0 5382.4
0 1.0 13448.6 0.0 -2400.0
evaluation 29
0 0.0 1100.0 1.0 5732.8
0 1.0 7980.4 0.0 2633.2
0 1.0 9210.6 0.0 -2400.0
evaluation 30
0 0.0 2200.0 1.0 5434.6
0 1.0 13057.8 0.0 3794.6000000000004
0 1.0 10445.4 0.0 -2400.0
evaluation 31
0 0.0 1900.0 1.0 4662.6
0 1.0 9759.4 0.0 3262.2
0 1.0 11321.2 0.0 -2400.0
evaluation 32
0 0.0 3800.0 1.0 6700.0
0 1.0 11811.8 0.0 2264.8
0 1.0 14141.2 0.0 -1200.0
evaluation 33
0 0.0 3000.0 1.0 4516.6
0 1.0 5379.0 0.0 3770.6
0 1.0 7094.0 0.0 0.0
evaluation 34
0 1.0 5900.0 0.0 4205.8
0 1.0 4373.0 0.0 3310.0
0 1.0 7995.0 0.0 0.0
evaluation 35
0 0.0 3000.0 1.0 5878.2
0 1.0 5895.6 0.0 5008.0
0 1.0 7681.8 0.0 0.0
evaluation 36
0 0.0 2000.0 1.0 4490.4
0 1.0 7297.6 0.0 5338.2
0 1.0 8099.4 0.0 0.0
evaluation 37
0 0.0 4700.0 1.0 4810.0
0 1.0 7413.4 0.0 5400.0
0 1.0 5910.0 0.0 0.0
evaluation 38
0 0.0 2600.0 1.0 4500.0
0 1.0 10630.0 0.0 5300.0
0 1.0 7110.0 0.0 0.0
evaluation 39
0 0.0 3900.0 1.0 4200.0
0 1.0 6410.0 0.0 5600.0
0 1.0 9610.0 0.0 0.0
evaluation 40
0 0.0 3300.0 1.0 5910.0
0 1.0 6510.0 0.0 2200.0
0 1.0 10720.0 0.0 0.0
evaluation 41
0 0.0 4000.0 1.0 6510.0
0 1.0 7810.0 0.0 5610.0
0 1.0 8810.0 0.0 0.0
evaluation 42
0 0.0 3100.0 1.0 4300.0
0 1.0 6610.0 0.0 6310.0
0 1.0 7710.0 0.0 0.0
evaluation 43
0 0.0 3700.0 1.0 4100.0
0 1.0 9230.0 0.0 2200.0
0 1.0 7510.0 0.0 0.0
evaluation 44
0 0.0 3200.0 1.0 7010.0
0 0.0 5600.0 1.0 6600.0
0 1.0 8610.0 0.0 0.0
evaluation 45
0 0.5 2300.0 0.5 2300.0
0 1.0 5200.0 0.0 3800.0
0 1.0 8020.0 0.0 3300.0
evaluation 46
0 0.5 2300.0 0.5 2300.0
0 1.0 7210.0 0.0 4100.0
0 1.0 9410.0 0.0 4200.0
evaluation 47
0 0.5 2300.0 0.5 2300.0
0 1.0 8310.0 0.0 3700.0
0 1.0 5100.0 0.0 4100.0
evaluation 48
0 0.5 2300.0 0.5 2300.0
0 1.0 6700.0 0.0 3600.0
0 1.0 7310.0 0.0 5100.0
evaluation 49
0 0.5 2300.0 0.5 2300.0
0 1.0 4500.0 0.0 4200.0
0 1.0 7710.0 0.0 4500.0
evaluation 50
0 0.5 0.0 0.5 0.0
0 1.0 2010.0 0.0 1100.0
0 1.0 2910.0 0.0 1300.0
evaluation 51
0 0.5 0.0 0.5 0.0
0 1.0 4420.0 0.0 1800.0
0 1.0 4510.0 0.0 1800.0
evaluation 52
0 0.5 0.0 0.5 0.0
0 1.0 3210.0 0.0 2800.0
0 1.0 5310.0 0.0 1200.0
evaluation 53
0 0.5 0.0 0.5 0.0
0 1.0 4110.0 0.0 1200.0
0 1.0 5910.0 0.0 2100.0
evaluation 54
0 0.5 0.0 0.5 0.0
0 1.0 1700.0 0.0 1300.0
0 1.0 4810.0 0.0 1700.0
evaluation 55
0 0.5 0.0 0.5 0.0
0 1.0 2310.0 0.0 1100.0
0 1.0 4820.0 0.0 1200.0
evaluation 56
0 0.5 0.0 0.5 0.0
0 1.0 2720.0 0.0 1700.0
0 1.0 3720.0 0.0 910.0
evaluation 57
0 0.5 0.0 0.5 0.0
0 1.0 1620.0 0.0 400.0
0 1.0 3320.0 0.0 500.0
evaluation 58
0 0.5 0.0 0.5 0.0
0 1.0 1210.0 0.0 1000.0
0 1.0 3610.0 0.0 600.0
evaluation 59
0 0.5 0.0 0.5 0.0
0 1.0 1600.0 0.0 800.0
0 1.0 2600.0 0.0 1000.0
evaluation 60
0 0.5 0.0 0.5 0.0
0 1.0 2620.0 0.0 700.0
0 1.0 1910.0 0.0 1000.0
evaluation 61
0 0.5 0.0 0.5 0.0
0 0.0 510.0 1.0 1100.0
0 1.0 2720.0 0.0 1000.0
evaluation 62
0 1.0 10.0 0.0 0.0
0 0.0 700.0 1.0 1100.0
0 1.0 1400.0 0.0 800.0
evaluation 63
0 0.5 0.0 0.5 0.0
0 0.5 2300.0 0.5 2300.0
0 1.0 6710.0 0.0 2000.0
evaluation 64
0 0.5 0.0 0.5 0.0
0 1.0 3010.0 0.0 2800.0
0 1.0 5610.0 0.0 1800.0
evaluation 65
0 0.5 0.0 0.5 0.0
0 1.0 3010.0 0.0 2200.0
0 1.0 3900.0 0.0 1800.0
evaluation 66
0 1.0 2500.0 0.0 2310.0
0 1.0 5810.0 0.0 5520.0
0 1.0 7020.0 0.0 3510.0
evaluation 67
0 1.0 2100.0 0.0 2010.0
0 0.0 5210.0 1.0 5510.0
0 1.0 6800.0 0.0 4110.0
evaluation 68
0 0.5 0.0 0.5 0.0
0 1.0 3520.0 0.0 0.0
0 1.0 7930.0 0.0 0.0
evaluation 69
0 0.5 0.0 0.5 0.0
0 1.0 2500.0 0.0 0.0
0 1.0 4300.0 0.0 0.0
evaluation 70
0 0.5 0.0 0.5 0.0
0 1.0 4210.0 0.0 0.0
0 1.0 4710.0 0.0 0.0
evaluation 71
0 0.5 0.0 0.5 0.0
0 1.0 3510.0 0.0 0.0
0 1.0 3900.0 0.0 0.0
evaluation 72
0 0.5 0.0 0.5 0.0
0 1.0 2410.0 0.0 0.0
0 1.0 3010.0 0.0 0.0
evaluation 73
0 0.5 0.0 0.5 0.0
0 1.0 2410.0 0.0 0.0
0 1.0 7120.0 0.0 0.0
evaluation 74
0 1.0 1100.0 0.0 0.0
0 1.0 4710.0 0.0 0.0
0 1.0 7110.0 0.0 0.0
evaluation 75
0 1.0 1100.0 0.0 0.0
0 1.0 5720.0 0.0 0.0
0 1.0 7710.0 0.0 0.0
evaluation 76
0 1.0 1100.0 0.0 0.0
0 1.0 7920.0 0.0 0.0
0 1.0 7620.0 0.0 0.0
evaluation 77
0 1.0 1100.0 0.0 0.0
0 1.0 4700.0 0.0 0.0
0 1.0 6520.0 0.0 0.0
evaluation 78
0 1.0 2300.0 0.0 0.0
0 1.0 7520.0 0.0 0.0
0 1.0 5000.0 0.0 0.0
evaluation 79
0 1.0 2300.0 0.0 0.0
0 1.0 5300.0 0.0 0.0
0 1.0 7000.0 0.0 0.0
evaluation 80
0 1.0 1900.0 0.0 0.0
0 1.0 5420.0 0.0 0.0
0 1.0 5220.0 0.0 0.0
evaluation 81
0 1.0 1900.0 0.0 0.0
0 1.0 4200.0 0.0 0.0
0 1.0 5300.0 0.0 0.0
evaluation 82
0 1.0 1900.0 0.0 -600.0
0 1.0 4008.1 0.0 -600.0
0 1.0 5376.9 0.0 -600.0
evaluation 83
0 1.0 2410.0 0.0 -600.0
0 1.0 5068.5 0.0 -600.0
0 1.0 4039.8 0.0 -600.0
evaluation 84
0 1.0 1900.0 0.0 -1800.0
0 1.0 4372.9 0.0 -1800.0
0 1.0 4815.9 0.0 -1800.0
evaluation 85
0 1.0 1900.0 0.0 -1800.0
0 1.0 3631.6 0.0 -1790.0
0 1.0 6040.4 0.0 -1800.0
evaluation 86
0 1.0 1900.0 0.0 -1800.0
0 1.0 3147.5 0.0 -1800.0
0 1.0 4597.1 0.0 -1800.0
evaluation 87
0 1.0 1900.0 0.0 -1800.0
0 1.0 5305.1 0.0 -1800.0
0 1.0 6016.7 0.0 -1800.0
evaluation 88
0 1.0 1900.0 0.0 0.0
0 1.0 6230.0 0.0 10.0
0 1.0 5710.0 0.0 0.0
evaluation 89
0 1.0 1500.0 0.0 0.0
0 1.0 4410.0 0.0 0.0
0 1.0 5010.0 0.0 0.0
evaluation 90
0 1.0 1500.0 0.0 -1800.0
0 1.0 4462.9 0.0 -1800.0
0 1.0 4418.5 0.0 -1800.0
evaluation 91
0 1.0 1500.0 0.0 0.0
0 1.0 3800.0 0.0 0.0
0 1.0 3400.0 0.0 0.0
evaluation 92
0 1.0 1500.0 0.0 0.0
0 1.0 4710.0 0.0 0.0
0 1.0 5200.0 0.0 0.0
evaluation 93
0 1.0 1500.0 0.0 0.0
0 1.0 3700.0 0.0 0.0
0 1.0 5720.0 0.0 0.0
evaluation 94
0 1.0 1500.0 0.0 0.0
0 1.0 4910.0 0.0 0.0
0 1.0 3100.0 0.0 0.0
evaluation 95
0 1.0 1500.0 0.0 0.0
0 1.0 4520.0 0.0 0.0
0 1.0 3600.0 0.0 0.0
evaluation 96
0 1.0 1500.0 0.0 0.0
0 1.0 5020.0 0.0 0.0
0 1.0 4210.0 0.0 0.0
evaluation 97
0 1.0 1500.0 0.0 0.0
0 1.0 5810.0 0.0 0.0
0 1.0 5820.0 0.0 0.0
evaluation 98
0 1.0 800.0 0.0 0.0
0 1.0 3600.0 0.0 0.0
0 1.0 3600.0 0.0 0.0
evaluation 99
0 1.0 1500.0 0.0 0.0
0 1.0 5120.0 0.0 0.0
0 1.0 5920.0 0.0 0.0
0 1.0 1900.0 0.0 -1800.0
0 1.0 4712.5 0.0 -1800.0
0 1.0 6483.4 0.0 -1800.0
3496631 ms elapsed
Best solution first found at eval: 29
Best solution: [10, 5, 6, 140, 3, 0, 1, 0, 0, 0, 1, 0, 0, 1, 0, 1, 1, 1, 0, 0, 0, 150, 3, 6, 0, 40, 1, 500, 250, 4]
Best fitness: 143.07199999999978
Final solution: [6, 7, 2, 140, 4, 0, 0, 0, 0, 0, 0, 1, 0, 0, 0, 1, 1, 1, 0, 1, 0, 100, 0, 9, 20, 30, 1, 400, 200, 1]
Final fitness: 17.70900000000006
Number of visits to optimal: 0
Total number of evaluations: 101


 min = 39.0
 max = 1004.9
 ave = 187.16819999999998
 sd  = 289.7762938765772
 se  = 91.63531005722872
 sum  = 1871.6819999999998
 sumsq  = 1106052.0553479998
 n   = 10
