Best fitness stats:
evaluation 0
0 0.0 1000.0 1.0 3200.0
0 1.0 3620.0 0.0 2510.0
0 1.0 4600.0 0.0 1510.0
evaluation 1
0 1.0 1600.0 0.0 1200.0
0 0.0 2710.0 1.0 3820.0
0 1.0 3310.0 0.0 3010.0
evaluation 2
0 0.0 800.0 1.0 1600.0
0 0.0 2600.0 1.0 4210.0
0 1.0 3610.0 0.0 3320.0
evaluation 3
0 0.0 200.0 1.0 720.0
0 0.0 210.0 1.0 1310.0
0 1.0 1920.0 0.0 0.0
evaluation 4
0 0.0 200.0 1.0 610.0
0 0.0 1800.0 1.0 1920.0
0 1.0 1700.0 0.0 1100.0
evaluation 5
0 0.0 200.0 1.0 320.0
0 0.0 500.0 1.0 1210.0
0 1.0 1710.0 0.0 10.0
evaluation 6
0 0.0 400.0 1.0 1600.0
0 1.0 1900.0 0.0 820.0
0 1.0 1110.0 0.0 0.0
evaluation 7
0 1.0 100.0 0.0 20.0
0 1.0 1710.0 0.0 610.0
0 1.0 1400.0 0.0 1300.0
evaluation 8
0 1.0 500.0 0.0 10.0
0 0.0 520.0 1.0 1510.0
0 1.0 2810.0 0.0 1010.0
evaluation 9
0 1.0 300.0 0.0 20.0
0 0.5 410.0 0.5 410.0
0 0.0 0.0 1.0 820.0
evaluation 10
0 0.5 300.0 0.5 300.0
0 0.0 100.0 1.0 1010.0
0 1.0 2410.0 0.0 410.0
evaluation 11
0 0.0 100.0 1.0 110.0
0 0.0 1710.0 1.0 2100.0
0 1.0 2200.0 0.0 110.0
evaluation 12
0 1.0 400.0 0.0 300.0
0 1.0 1000.0 0.0 410.0
0 1.0 2310.0 0.0 720.0
evaluation 13
0 0.0 400.0 1.0 920.0
0 0.0 910.0 1.0 1410.0
0 1.0 3920.0 0.0 10.0
evaluation 14
0 0.0 300.0 1.0 410.0
0 1.0 1420.0 0.0 100.0
0 1.0 2620.0 0.0 810.0
evaluation 15
0 1.0 400.0 0.0 20.0
0 0.0 0.0 1.0 1000.0
0 1.0 1700.0 0.0 1000.0
evaluation 16
0 1.0 300.0 0.0 10.0
0 1.0 510.0 0.0 10.0
0 1.0 920.0 0.0 0.0
evaluation 17
0 1.0 900.0 0.0 10.0
0 0.0 100.0 1.0 620.0
0 1.0 3110.0 0.0 1510.0
evaluation 18
0 1.0 200.0 0.0 0.0
0 1.0 10.0 0.0 0.0
0 1.0 2810.0 0.0 1310.0
evaluation 19
0 0.0 1200.0 1.0 2110.0
0 0.0 400.0 1.0 820.0
0 1.0 3620.0 0.0 0.0
evaluation 20
0 1.0 400.0 0.0 110.0
0 0.0 310.0 1.0 920.0
0 1.0 1110.0 0.0 310.0
evaluation 21
0 1.0 300.0 0.0 110.0
0 1.0 3430.0 0.0 0.0
0 1.0 2410.0 0.0 10.0
evaluation 22
0 0.0 700.0 1.0 800.0
0 0.0 110.0 1.0 1900.0
0 1.0 6310.0 0.0 110.0
evaluation 23
0 1.0 600.0 0.0 595.0
0 1.0 1078.8 0.0 303.2
0 1.0 431.2 0.0 18.0
evaluation 24
0 1.0 -100.0 0.0 -101.80000000000001
0 1.0 1906.8 0.0 1112.8
0 1.0 1830.8 0.0 194.0
evaluation 25
0 0.0 500.0 1.0 1630.0
0 0.0 1300.0 1.0 2810.0
0 0.0 510.0 1.0 1910.0
evaluation 26
0 0.0 200.0 1.0 1000.0
0 0.0 610.0 1.0 3610.0
0 0.0 1010.0 1.0 2210.0
evaluation 27
0 1.0 100.0 0.0 10.0
0 0.0 20.0 1.0 1300.0
0 0.0 1400.0 1.0 3620.0
evaluation 28
0 0.0 300.0 1.0 2134.0
0 0.0 1002.2 1.0 4327.6
0 0.0 630.6 1.0 1522.4
evaluation 29
0 0.0 -100.0 1.0 929.0
0 0.0 684.8 1.0 2465.2
0 0.0 1133.4 1.0 3492.6
evaluation 30
0 0.0 -100.0 1.0 1967.8
0 1.0 1197.0 0.0 651.8
0 0.0 3.0 1.0 1150.6
evaluation 31
0 0.0 100.0 1.0 911.0
0 0.0 1512.2 1.0 4241.6
0 1.0 4228.2 0.0 800.8
evaluation 32
0 0.0 -300.0 1.0 618.8
0 0.0 508.8 1.0 1530.0
0 1.0 2030.0 0.0 1123.4
evaluation 33
0 0.0 -100.0 1.0 202.39999999999998
0 0.0 126.39999999999999 1.0 1718.6
0 0.0 2.1999999999999886 1.0 638.6
evaluation 34
0 1.0 0.0 0.0 -61.60000000000001
0 1.0 1839.2 0.0 119.6
0 1.0 1713.4 0.0 396.4
evaluation 35
0 0.0 0.0 1.0 323.4
0 1.0 612.2 0.0 292.0
0 1.0 1750.4 0.0 1147.2
evaluation 36
0 0.0 0.0 1.0 914.8
0 1.0 1720.4 0.0 1219.2
0 1.0 1597.0 0.0 130.6
evaluation 37
0 0.0 -200.0 1.0 -86.4
0 1.0 1302.2 0.0 -96.4
0 1.0 1264.2 0.0 212.6
evaluation 38
0 1.0 300.0 0.0 -70.60000000000001
0 1.0 3453.2 0.0 3126.8
0 1.0 3736.8 0.0 842.0
evaluation 39
0 0.0 200.0 1.0 418.0
0 1.0 2102.4 0.0 1381.8
0 1.0 2724.2 0.0 813.2
evaluation 40
0 1.0 300.0 0.0 218.2
0 0.0 1214.6 1.0 1939.8
0 1.0 3979.2 0.0 821.4
evaluation 41
0 0.0 400.0 1.0 1532.6
0 1.0 3809.2 0.0 680.8
0 1.0 4816.0 0.0 782.6
evaluation 42
0 0.0 100.0 1.0 3492.8
0 0.0 811.6 1.0 1012.2
0 1.0 1127.8 0.0 527.2
evaluation 43
0 0.0 300.0 1.0 997.2
0 0.0 1192.0 1.0 2225.4
0 1.0 2527.8 0.0 450.6
evaluation 44
0 1.0 300.0 0.0 256.6
0 1.0 1177.6 0.0 498.2
0 1.0 3058.0 0.0 1212.2
evaluation 45
0 0.0 600.0 1.0 3416.0
0 1.0 1614.2 0.0 894.2
0 1.0 4844.2 0.0 1008.4
evaluation 46
0 0.0 100.0 1.0 1630.8
0 1.0 1213.4 0.0 1208.8
0 1.0 3221.8 0.0 397.2
evaluation 47
0 0.0 200.0 1.0 740.4
0 1.0 710.8 0.0 429.0
0 1.0 4041.4 0.0 594.2
evaluation 48
0 1.0 1000.0 0.0 114.19999999999999
0 1.0 1113.8 0.0 -77.60000000000001
0 1.0 4421.8 0.0 1732.4
evaluation 49
0 0.0 300.0 1.0 1395.6
0 0.0 1177.6 1.0 2105.6
0 1.0 4781.0 0.0 1517.2
evaluation 50
0 0.0 600.0 1.0 1321.2
0 0.0 996.8 1.0 2031.2
0 1.0 4518.2 0.0 2989.2
evaluation 51
0 0.0 500.0 1.0 2612.0
0 1.0 2939.2 0.0 754.8
0 1.0 4600.8 0.0 2746.4
evaluation 52
0 0.0 -200.0 1.0 3320.0
0 0.0 1878.0 1.0 3213.2
0 1.0 5172.0 0.0 1402.4
evaluation 53
0 0.0 3500.0 1.0 3666.8
0 1.0 2486.8 0.0 1906.0
0 1.0 5319.6 0.0 2245.2
evaluation 54
0 0.0 2000.0 1.0 2398.0
0 1.0 4372.0 0.0 3261.2
0 0.0 3719.2 1.0 4722.4
evaluation 55
0 0.0 -100.0 1.0 1099.6
0 1.0 3370.4 0.0 2308.4
0 1.0 1173.2 0.0 1066.8
evaluation 56
0 0.0 -500.0 1.0 120.0
0 1.0 2462.8 0.0 1300.8
0 1.0 6247.2 0.0 2596.8
evaluation 57
0 0.0 100.0 1.0 1254.4
0 0.0 3910.0 1.0 4058.8
0 1.0 2996.8 0.0 2953.2
evaluation 58
0 0.0 300.0 1.0 2902.8
0 1.0 2406.8 0.0 2228.0
0 1.0 2360.8 0.0 1874.8
evaluation 59
0 0.0 -400.0 1.0 228.39999999999998
0 0.0 3010.4 1.0 4476.0
0 1.0 2994.0 0.0 344.4
evaluation 60
0 0.0 -300.0 1.0 1426.0
0 0.0 167.6 1.0 1038.8
0 1.0 1118.4 0.0 1035.6
evaluation 61
0 0.0 700.0 1.0 1137.2
0 0.0 642.8 1.0 1153.6
0 1.0 1064.4 0.0 925.6
evaluation 62
0 0.0 0.0 1.0 1611.6
0 0.0 1351.2 1.0 2194.4
0 0.0 1844.4 1.0 1903.6
evaluation 63
0 0.0 -800.0 1.0 1253.6
0 0.0 398.79999999999995 1.0 1528.0
0 0.0 123.19999999999999 1.0 658.4
evaluation 64
0 0.0 -300.0 1.0 370.4
0 1.0 738.8 0.0 211.6
0 1.0 5219.2 0.0 2295.2
evaluation 65
0 1.0 1400.0 0.0 1243.2
0 0.0 2131.2 1.0 2409.6
0 0.0 1470.4 1.0 2453.2
evaluation 66
0 0.0 -600.0 1.0 1182.0
0 0.0 2426.4 1.0 2943.2
0 0.0 503.2 1.0 2927.6
evaluation 67
0 0.0 700.0 1.0 2325.6
0 0.0 2781.2 1.0 3152.8
0 1.0 3548.8 0.0 2780.0
evaluation 68
0 0.0 1400.0 1.0 2975.6
0 0.0 4628.4 1.0 5532.0
0 0.0 5277.6 1.0 5806.4
evaluation 69
0 0.0 1600.0 1.0 4767.6
0 1.0 6500.4 0.0 4195.2
0 1.0 8099.2 0.0 5677.6
evaluation 70
0 0.0 2000.0 1.0 3446.4
0 0.0 5118.0 1.0 7567.6
0 1.0 7214.8 0.0 3633.2
evaluation 71
0 0.0 1700.0 1.0 5322.8
0 0.0 4531.2 1.0 5932.0
0 0.0 5871.6 1.0 6060.8
evaluation 72
0 0.0 2300.0 1.0 3135.6
0 0.0 5296.4 1.0 7088.8
0 1.0 5423.6 0.0 4796.8
evaluation 73
0 1.0 2600.0 0.0 2071.2
0 1.0 4605.2 0.0 1363.2
0 0.0 3871.2 1.0 4988.4
evaluation 74
0 0.0 1700.0 1.0 3602.0
0 0.0 5691.2 1.0 5804.0
0 1.0 4795.2 0.0 3793.2
evaluation 75
0 0.0 1100.0 1.0 1342.0
0 0.0 3402.4 1.0 4038.0
0 1.0 7175.2 0.0 3496.8
evaluation 76
0 1.0 4300.0 0.0 1203.2
0 1.0 9113.2 0.0 6430.8
0 0.0 3542.4 1.0 5940.4
evaluation 77
0 0.0 600.0 1.0 2156.8
0 1.0 4368.4 0.0 1199.6
0 0.0 3960.0 1.0 4504.0
evaluation 78
0 0.0 200.0 1.0 3174.4
0 0.0 5738.4 1.0 6138.0
0 0.0 3858.4 1.0 4688.0
evaluation 79
0 0.0 2300.0 1.0 3614.0
0 0.0 4303.2 1.0 5286.4
0 1.0 8611.2 0.0 4588.0
evaluation 80
0 0.0 1700.0 1.0 3244.4
0 1.0 5563.2 0.0 5092.0
0 1.0 3939.6 0.0 1556.0
evaluation 81
0 0.0 4400.0 1.0 6543.2
0 0.0 6676.4 1.0 7283.6
0 1.0 9328.8 0.0 6149.2
evaluation 82
0 0.0 3400.0 1.0 5786.0
0 0.0 4961.6 1.0 6913.6
0 0.0 8075.6 1.0 9495.2
evaluation 83
0 0.0 3300.0 1.0 6560.0
0 1.0 6794.8 0.0 4731.2
0 1.0 9355.6 0.0 7581.6
evaluation 84
0 0.0 2900.0 1.0 5928.0
0 1.0 9097.8 0.0 7147.6
0 1.0 9725.4 0.0 6596.8
evaluation 85
0 0.0 3100.0 1.0 4420.2
0 0.0 7157.2 1.0 7841.8
0 1.0 8452.2 0.0 6726.8
evaluation 86
0 0.0 3000.0 1.0 5831.6
0 1.0 6822.2 0.0 5044.0
0 1.0 9595.0 0.0 5978.8
evaluation 87
0 0.0 3300.0 1.0 9642.6
0 1.0 4785.4 0.0 3334.0
0 1.0 8529.4 0.0 5228.6
evaluation 88
0 0.0 4100.0 1.0 5868.0
0 1.0 7377.6 0.0 5583.2
0 1.0 11648.0 0.0 2048.4
evaluation 89
0 0.0 3500.0 1.0 4931.6
0 1.0 7377.8 0.0 6588.0
0 1.0 8502.8 0.0 8233.0
evaluation 90
0 0.0 500.0 1.0 1641.6
0 0.0 727.4 1.0 923.8000000000001
0 1.0 4345.4 0.0 1833.2
evaluation 91
0 0.5 1000.0 0.5 1000.0
0 1.0 2629.6 0.0 700.0
0 1.0 4548.0 0.0 1200.0
evaluation 92
0 0.5 1000.0 0.5 1000.0
0 1.0 2747.2 0.0 2200.0
0 1.0 5627.4 0.0 700.0
evaluation 93
0 0.5 1000.0 0.5 1000.0
0 1.0 5578.0 0.0 1100.0
0 1.0 3807.8 0.0 900.0
evaluation 94
0 0.5 1000.0 0.5 1000.0
0 1.0 2824.6 0.0 700.0
0 1.0 6635.2 0.0 800.0
evaluation 95
0 0.5 1000.0 0.5 1000.0
0 1.0 1965.0 0.0 700.0
0 1.0 4487.4 0.0 600.0
evaluation 96
0 0.5 1000.0 0.5 1000.0
0 1.0 2676.8 0.0 1800.0
0 1.0 6009.8 0.0 400.0
evaluation 97
0 0.5 1000.0 0.5 1000.0
0 1.0 2390.6 0.0 1200.0
0 1.0 4634.2 0.0 600.0
evaluation 98
0 0.5 0.0 0.5 0.0
0 1.0 2863.2 0.0 -200.0
0 1.0 2494.6 0.0 -500.0
evaluation 99
0 0.5 0.0 0.5 0.0
0 0.0 -748.1999999999999 1.0 0.0
0 1.0 3438.2 0.0 -400.0
0 0.5 1000.0 0.5 1000.0
0 1.0 2407.8 0.0 1000.0
0 1.0 3302.2 0.0 800.0
2200077 ms elapsed
Best solution first found at eval: 89
Best solution: [10, 8, 8, 120, 2, 1, 1, 1, 1, 1, 1, 1, 0, 1, 1, 1, 1, 0, 0, 0, 1, 150, 0, 6, 10, 10, 1, 400, 250, 3]
Best fitness: 78.05200000000002
Final solution: [10, 2, 8, 60, 2, 1, 1, 1, 1, 1, 1, 1, 0, 1, 1, 1, 1, 0, 0, 0, 1, 150, 0, 6, 10, 10, 1, 400, 200, 0]
Final fitness: 10.94399999999996
Number of visits to optimal: 0
Total number of evaluations: 101

evaluation 0
0 1.0 1800.0 0.0 1074.6
0 0.0 4145.0 1.0 4781.4
0 0.0 4307.0 1.0 4675.4
evaluation 1
0 0.0 -1200.0 1.0 298.4000000000001
0 0.0 2508.4 1.0 4693.4
0 0.0 3143.6000000000004 1.0 3648.4
evaluation 2
0 0.0 -500.0 1.0 1133.8
0 0.0 2438.8 1.0 4302.4
0 0.0 2619.4 1.0 4330.0
evaluation 3
0 0.0 -1100.0 1.0 2350.6
0 0.0 2518.0 1.0 3408.8
0 1.0 1541.4 0.0 1033.4
evaluation 4
0 0.0 -600.0 1.0 3140.0
0 0.0 2300.0 1.0 6111.8
0 0.0 1384.6000000000001 1.0 2959.8
evaluation 5
0 0.0 -900.0 1.0 2534.4
0 0.0 2563.6000000000004 1.0 3886.2
0 0.0 3436.2 1.0 5262.4
evaluation 6
0 0.0 1100.0 1.0 2937.1
0 0.0 1609.8 1.0 3957.2
0 0.0 2221.4 1.0 2962.3
evaluation 7
0 0.0 2000.0 1.0 4859.5
0 0.0 1539.6 1.0 2041.5
0 0.0 5124.2 1.0 5155.6
evaluation 8
0 0.0 1500.0 1.0 3519.7
0 0.0 2442.0 1.0 4541.8
0 0.0 3834.4 1.0 6229.3
evaluation 9
0 0.0 1600.0 1.0 3480.0
0 1.0 5968.0 0.0 5565.0
0 0.0 5779.2 1.0 7077.2
evaluation 10
0 0.0 1900.0 1.0 2654.6
0 0.0 3959.5 1.0 6088.6
0 1.0 8996.1 0.0 5770.4
evaluation 11
0 0.0 1500.0 1.0 3939.3
0 0.0 2611.9 1.0 3335.4
0 1.0 4242.6 0.0 3529.5
evaluation 12
0 0.0 1600.0 1.0 2827.7
0 1.0 2613.4 0.0 1725.4
0 0.0 2445.3 1.0 3318.6
evaluation 13
0 0.0 400.0 1.0 1395.5
0 1.0 3292.7 0.0 1102.0
0 1.0 2309.0 0.0 2214.6
evaluation 14
0 0.0 1900.0 1.0 3107.5
0 1.0 1784.6 0.0 1778.3
0 1.0 4300.7 0.0 1467.2
evaluation 15
0 0.0 300.0 1.0 2575.0
0 0.0 2986.6 1.0 3413.7
0 1.0 4021.2 0.0 1999.1
evaluation 16
0 0.0 0.0 1.0 2487.9
0 0.0 3094.4 1.0 3687.1
0 1.0 2608.6 0.0 1489.0
evaluation 17
0 0.0 1400.0 1.0 2104.6
0 1.0 3006.3 0.0 2076.8
0 1.0 3118.7 0.0 2687.7
evaluation 18
0 0.0 1300.0 1.0 2796.4
0 1.0 5193.4 0.0 5179.2
0 1.0 3480.1 0.0 2877.6
evaluation 19
0 0.0 -100.0 1.0 1720.5
0 0.0 1190.7 1.0 1198.7
0 1.0 1734.7 0.0 669.4
evaluation 20
0 0.0 0.0 1.0 1982.2
0 0.0 1790.2 1.0 2482.2
0 1.0 3333.0 0.0 777.3
evaluation 21
0 0.0 200.0 1.0 727.3
0 1.0 1946.5 0.0 1834.1
0 1.0 6663.1 0.0 1921.4
evaluation 22
0 0.0 600.0 1.0 3574.2
0 1.0 2271.1 0.0 1964.3
0 1.0 3186.1 0.0 1754.6
evaluation 23
0 1.0 600.0 0.0 220.29999999999998
0 1.0 2361.1 0.0 820.8
0 1.0 1784.5 0.0 941.5
evaluation 24
0 0.0 300.0 1.0 621.2
0 0.0 1016.8 1.0 2028.0
0 0.0 1839.0 1.0 3196.4
evaluation 25
0 0.0 200.0 1.0 487.0
0 1.0 1141.2 0.0 705.4
0 1.0 1051.8 0.0 158.0
evaluation 26
0 0.0 -200.0 1.0 628.2
0 1.0 1028.0 0.0 412.2
0 1.0 1994.2 0.0 -1200.0
evaluation 27
0 0.0 -400.0 1.0 2223.2
0 0.0 215.59999999999997 1.0 863.8
0 1.0 2560.4 0.0 -1200.0
evaluation 28
0 0.0 0.0 1.0 1406.0
0 0.0 200.59999999999997 1.0 647.0
0 1.0 2922.4 0.0 -1200.0
evaluation 29
0 1.0 700.0 0.0 275.4
0 1.0 1008.8 0.0 227.8
0 1.0 3638.6 0.0 0.0
evaluation 30
0 0.0 900.0 1.0 962.8
0 1.0 86.79999999999995 0.0 -1038.4
0 1.0 3957.6 0.0 -3193.6000000000004
evaluation 31
0 1.0 1200.0 0.0 -1172.8000000000002
0 1.0 756.8 0.0 -1081.6000000000001
0 1.0 6138.0 0.0 -3193.6000000000004
evaluation 32
0 1.0 900.0 0.0 -1043.2
0 1.0 -528.0 0.0 -860.8000000000002
0 1.0 4244.0 0.0 -3193.6000000000004
evaluation 33
0 1.0 700.0 0.0 -1428.8000000000002
0 1.0 1466.8 0.0 -766.4000000000001
0 1.0 9712.8 0.0 -3193.6000000000004
evaluation 34
0 1.0 900.0 0.0 -20.800000000000068
0 1.0 1016.4 0.0 -278.80000000000007
0 1.0 3730.0 0.0 0.0
evaluation 35
0 1.0 200.0 0.0 -161.60000000000014
0 1.0 624.0 0.0 89.19999999999993
0 1.0 2334.0 0.0 0.0
evaluation 36
0 1.0 600.0 0.0 -1172.8000000000002
0 1.0 1170.4 0.0 -955.2
0 1.0 2842.8 0.0 0.0
evaluation 37
0 0.0 500.0 1.0 602.4
0 1.0 907.2 0.0 352.79999999999995
0 1.0 4063.6 0.0 0.0
evaluation 38
0 1.0 200.0 0.0 -160.8
0 1.0 1603.2 0.0 1256.4
0 1.0 1884.0 0.0 0.0
evaluation 39
0 0.0 600.0 1.0 1169.6
0 1.0 2941.6 0.0 2072.0
0 1.0 3373.6 0.0 0.0
evaluation 40
0 0.0 800.0 1.0 1588.4
0 1.0 1271.6 0.0 891.2
0 1.0 3487.6 0.0 0.0
evaluation 41
0 0.0 400.0 1.0 561.6
0 0.0 1033.2 1.0 1182.8
0 1.0 3142.0 0.0 0.0
evaluation 42
0 0.0 700.0 1.0 1305.6
0 1.0 2025.2 0.0 788.0
0 1.0 4437.6 0.0 0.0
evaluation 43
0 0.0 600.0 1.0 1244.0
0 1.0 617.6 0.0 539.5999999999999
0 1.0 1668.4 0.0 10.0
evaluation 44
0 1.0 400.0 0.0 -2.8999999999999915
0 1.0 632.1 0.0 469.4
0 1.0 2892.7 0.0 0.0
evaluation 45
0 0.0 700.0 1.0 1013.2
0 0.0 1347.5 1.0 1363.7
0 1.0 2647.7 0.0 0.0
evaluation 46
0 1.0 800.0 0.0 647.5
0 0.0 967.3 1.0 1513.6
0 1.0 4940.7 0.0 0.0
evaluation 47
0 0.0 1700.0 1.0 2372.0
0 1.0 4109.5 0.0 2383.2
0 1.0 4771.5 0.0 0.0
evaluation 48
0 0.0 1600.0 1.0 2079.9
0 1.0 2934.2 0.0 -27.5
0 1.0 4581.3 0.0 0.0
evaluation 49
0 1.0 1400.0 0.0 71.0
0 1.0 3989.2 0.0 2264.8
0 1.0 7758.4 0.0 0.0
evaluation 50
0 0.0 1400.0 1.0 1795.7
0 1.0 2661.7 0.0 779.1
0 1.0 4167.3 0.0 0.0
evaluation 51
0 0.0 2600.0 1.0 3096.7
0 0.0 4173.4 1.0 4418.1
0 1.0 8273.6 0.0 0.0
evaluation 52
0 1.0 3700.0 0.0 2453.3
0 1.0 4775.7 0.0 2399.4
0 1.0 11082.0 0.0 0.0
evaluation 53
0 0.0 3101.4 1.0 6346.3
0 1.0 5915.1 0.0 2639.3
0 1.0 14848.3 0.0 -1399.3
evaluation 54
0 0.0 2801.4 1.0 2892.0
0 0.0 4285.1 1.0 4454.0
0 1.0 9636.2 0.0 -1399.3
evaluation 55
0 0.0 -998.5999999999999 1.0 1592.2
0 0.0 787.9 1.0 2500.7
0 1.0 5957.2 0.0 -1399.3
evaluation 56
0 0.0 3200.8 1.0 3680.8
0 0.0 3175.2 1.0 5256.0
0 1.0 6405.2 0.0 4197.6
evaluation 57
0 0.0 9500.8 1.0 13664.4
0 0.0 3975.6 1.0 5651.6
0 0.0 5728.0 1.0 5965.2
evaluation 58
0 0.0 1301.0 1.0 7537.0
0 1.0 6031.0 0.0 2818.0
0 1.0 7305.0 0.0 6556.5
evaluation 59
0 0.0 401.0 1.0 4188.5
0 1.0 6971.5 0.0 1544.0
0 1.0 8637.5 0.0 4382.0
evaluation 60
0 0.0 2801.0 1.0 9384.5
0 1.0 9783.5 0.0 8475.5
0 0.0 5936.0 1.0 6096.0
evaluation 61
0 0.0 801.0 1.0 2244.5
0 0.0 2269.0 1.0 3285.5
0 0.0 5396.0 1.0 5516.0
evaluation 62
0 0.5 -999.0 0.5 -999.0
0 1.0 8058.0 0.0 1501.0
0 1.0 10613.0 0.0 1901.0
evaluation 63
0 0.5 -999.0 0.5 -999.0
0 1.0 8376.5 0.0 1801.0
0 1.0 8595.0 0.0 1901.0
evaluation 64
0 0.5 -399.6 0.5 -399.6
0 1.0 3547.2 0.0 2400.4
0 1.0 10487.4 0.0 4800.4
evaluation 65
0 0.5 1600.4 0.5 1600.4
0 1.0 8677.4 0.0 3500.4
0 1.0 10378.2 0.0 2800.4
evaluation 66
0 0.5 1600.4 0.5 1600.4
0 1.0 5252.4 0.0 2900.4
0 1.0 12675.2 0.0 3600.4
evaluation 67
0 0.5 1600.4 0.5 1600.4
0 0.0 3655.6 1.0 3700.4
0 1.0 10364.4 0.0 3700.4
evaluation 68
0 0.0 2800.6 1.0 6766.3
0 1.0 6028.9 0.0 1399.7
0 1.0 12669.6 0.0 -599.4
evaluation 69
0 0.0 2300.6 1.0 4726.9
0 1.0 8545.3 0.0 995.8
0 1.0 13047.1 0.0 -599.4
evaluation 70
0 0.0 3100.6 1.0 7720.0
0 1.0 10247.5 0.0 711.2
0 1.0 15359.9 0.0 -599.4
evaluation 71
0 1.0 3900.6 0.0 2326.7
0 1.0 6735.6 0.0 1952.6
0 1.0 13250.3 0.0 -599.4
evaluation 72
0 0.0 1100.6 1.0 3310.4
0 1.0 8341.7 0.0 1799.3
0 1.0 11330.1 0.0 -599.6999999999999
evaluation 73
0 0.0 1400.6 1.0 6837.0
0 1.0 9311.0 0.0 1523.0
0 1.0 19716.8 0.0 -599.6999999999999
evaluation 74
0 0.0 3900.0 1.0 5799.1
0 1.0 4988.8 0.0 3200.0
0 1.0 13876.9 0.0 -600.0
evaluation 75
0 0.0 2200.0 1.0 2518.8
0 1.0 3362.5 0.0 1540.5
0 1.0 21205.1 0.0 -1800.0
evaluation 76
0 1.0 3800.0 0.0 3523.9
0 1.0 6203.7 0.0 2667.8
0 1.0 8198.2 0.0 0.0
evaluation 77
0 0.0 5200.0 1.0 6097.4
0 1.0 10589.4 0.0 2209.1
0 1.0 10807.3 0.0 0.0
evaluation 78
0 1.0 4100.0 0.0 3914.6
0 1.0 6190.1 0.0 2529.8
0 1.0 7609.1 0.0 0.0
evaluation 79
0 0.0 4900.0 1.0 10489.3
0 1.0 7028.2 0.0 4410.0
0 1.0 7524.4 0.0 0.0
evaluation 80
0 0.0 2200.0 1.0 3524.5
0 1.0 5015.4 0.0 3161.1
0 1.0 8551.5 0.0 0.0
evaluation 81
0 0.0 1500.0 1.0 10333.2
0 1.0 6250.6 0.0 4140.2
0 1.0 9035.2 0.0 10.0
evaluation 82
0 0.0 3100.0 1.0 4621.7
0 1.0 5887.6 0.0 2727.1
0 1.0 12703.4 0.0 0.0
evaluation 83
0 1.0 5000.0 0.0 3247.3
0 1.0 8880.8 0.0 4961.9
0 1.0 11388.1 0.0 0.0
evaluation 84
0 0.0 4100.0 1.0 4858.7
0 0.0 6783.3 1.0 6803.8
0 1.0 7100.1 0.0 0.0
evaluation 85
0 0.0 2400.0 1.0 4003.2
0 1.0 7190.5 0.0 5976.7
0 1.0 10907.4 0.0 0.0
evaluation 86
0 1.0 1700.0 0.0 1036.5
0 1.0 2388.0 0.0 1960.0
0 1.0 5088.4 0.0 0.0
evaluation 87
0 0.0 900.0 1.0 1657.9
0 1.0 3667.6 0.0 2048.7
0 1.0 2590.2 0.0 0.0
evaluation 88
0 0.0 800.0 1.0 1635.9
0 1.0 2795.0 0.0 2530.5
0 1.0 4193.2 0.0 0.0
evaluation 89
0 0.0 700.0 1.0 713.4000000000001
0 1.0 4089.6 0.0 1349.0
0 1.0 6589.8 0.0 0.0
evaluation 90
0 0.0 2100.0 1.0 2235.1
0 1.0 3101.1 0.0 1447.5
0 1.0 3997.1 0.0 0.0
evaluation 91
0 0.0 1200.0 1.0 1663.6
0 1.0 4263.2 0.0 2448.8
0 1.0 3976.0 0.0 0.0
evaluation 92
0 0.0 500.0 1.0 1817.6
0 1.0 2615.2 0.0 2294.0
0 1.0 3788.4 0.0 0.0
evaluation 93
0 1.0 600.0 0.0 369.5999999999999
0 1.0 2562.8 0.0 2394.0
0 1.0 3882.0 0.0 0.0
evaluation 94
0 1.0 1100.0 0.0 688.8
0 1.0 2959.6 0.0 1504.8
0 1.0 3673.2 0.0 0.0
evaluation 95
0 1.0 1710.0 0.0 845.5999999999999
0 1.0 3237.2 0.0 2459.6
0 1.0 2872.4 0.0 0.0
evaluation 96
0 0.0 1000.0 1.0 1249.6
0 1.0 4768.8 0.0 3031.2
0 1.0 5172.4 0.0 0.0
evaluation 97
0 0.0 1200.0 1.0 2000.0
0 1.0 3068.0 0.0 2038.8
0 1.0 9483.2 0.0 0.0
evaluation 98
0 1.0 900.0 0.0 -203.20000000000005
0 1.0 3479.2 0.0 1538.3999999999999
0 1.0 3140.0 0.0 0.0
evaluation 99
0 1.0 1300.0 0.0 894.4
0 0.0 1736.0 1.0 1747.6
0 1.0 2888.0 0.0 0.0
0 0.0 1100.0 1.0 3907.1
0 1.0 6729.2 0.0 4252.2
0 1.0 12964.4 0.0 -1800.0
4302778 ms elapsed
Best solution first found at eval: 76
Best solution: [8, 9, 4, 140, 4, 0, 1, 0, 1, 0, 1, 0, 1, 1, 1, 1, 0, 0, 0, 0, 1, 100, 3, 9, 20, 10, 2, 500, 200, 4]
Best fitness: 211.8309999999999
Final solution: [8, 9, 4, 140, 4, 0, 1, 0, 1, 0, 1, 0, 1, 1, 1, 1, 0, 0, 0, 0, 1, 100, 3, 9, 20, 10, 2, 500, 200, 4]
Final fitness: 122.87400000000002
Number of visits to optimal: 0
Total number of evaluations: 101

evaluation 0
0 0.0 2200.0 1.0 2291.6
0 0.0 2043.0 1.0 2685.4
0 0.0 3389.6 1.0 4583.2
evaluation 1
0 1.0 3000.0 0.0 2810.0
0 0.0 2720.0 1.0 6510.0
0 0.0 8210.0 1.0 9500.0
evaluation 2
0 0.0 500.0 1.0 1820.0
0 1.0 4210.0 0.0 2900.0
0 1.0 5720.0 0.0 4500.0
evaluation 3
0 0.0 1000.0 1.0 3979.4
0 1.0 3169.8 0.0 2557.0
0 0.0 2887.8 1.0 3170.4
evaluation 4
0 0.0 900.0 1.0 2067.0
0 0.0 160.2 1.0 2588.0
0 1.0 2883.2 0.0 1872.4
evaluation 5
0 0.0 1300.0 1.0 1400.0
0 0.0 3774.6 1.0 4689.4
0 1.0 3693.8 0.0 3406.8
evaluation 6
0 0.0 1800.0 1.0 2563.4
0 1.0 4566.2 0.0 4309.8
0 0.0 1452.6 1.0 4089.2
evaluation 7
0 0.0 1200.0 1.0 2987.6
0 0.0 2552.4 1.0 2973.2
0 0.0 2210.4 1.0 5461.8
evaluation 8
0 0.0 700.0 1.0 2593.8
0 1.0 6847.8 0.0 5562.6
0 0.0 5000.4 1.0 6987.0
evaluation 9
0 0.0 3000.0 1.0 3871.6
0 1.0 7067.8 0.0 6375.4
0 1.0 4451.4 0.0 4269.8
evaluation 10
0 0.0 4100.0 1.0 5010.0
0 0.0 3789.0 1.0 4659.8
0 1.0 7176.2 0.0 4747.8
evaluation 11
0 0.0 3000.0 1.0 3253.6
0 0.0 5875.6 1.0 5974.8
0 1.0 9293.6 0.0 6580.0
evaluation 12
0 0.0 400.0 1.0 3188.2
0 1.0 3165.4 0.0 2683.6
0 0.0 3436.2 1.0 5983.4
evaluation 13
0 0.5 0.0 0.5 0.0
0 1.0 2867.8 0.0 0.0
0 1.0 4899.8 0.0 0.0
evaluation 14
0 0.5 0.0 0.5 0.0
0 1.0 4973.2 0.0 0.0
0 1.0 155.6 0.0 0.0
evaluation 15
0 0.5 0.0 0.5 0.0
0 1.0 2820.0 0.0 0.0
0 1.0 3201.4 0.0 0.0
evaluation 16
0 0.5 0.0 0.5 0.0
0 1.0 1362.0 0.0 0.0
0 1.0 2174.0 0.0 0.0
evaluation 17
0 0.5 0.0 0.5 0.0
0 1.0 3020.0 0.0 0.0
0 1.0 3770.4 0.0 0.0
evaluation 18
0 0.5 0.0 0.5 0.0
0 1.0 2965.6 0.0 0.0
0 1.0 1098.6 0.0 0.0
evaluation 19
0 1.0 2000.0 0.0 0.0
0 1.0 3734.6 0.0 0.0
0 1.0 7184.0 0.0 0.0
evaluation 20
0 1.0 2000.0 0.0 0.0
0 1.0 3477.5 0.0 0.0
0 1.0 5459.2 0.0 0.0
evaluation 21
0 1.0 2000.0 0.0 0.0
0 1.0 3311.9 0.0 0.0
0 1.0 4589.2 0.0 0.0
evaluation 22
0 0.5 0.0 0.5 0.0
0 1.0 1685.4 0.0 0.0
0 1.0 3760.4 0.0 0.0
evaluation 23
0 0.5 0.0 0.5 0.0
0 1.0 1089.5 0.0 0.0
0 1.0 1688.3 0.0 0.0
evaluation 24
0 0.5 0.0 0.5 0.0
0 1.0 1927.6 0.0 0.0
0 1.0 3006.3 0.0 0.0
evaluation 25
0 0.5 0.0 0.5 0.0
0 1.0 1327.3 0.0 0.0
0 1.0 2318.6 0.0 0.0
evaluation 26
0 0.5 0.0 0.5 0.0
0 1.0 1118.6 0.0 0.0
0 1.0 1696.0 0.0 0.0
evaluation 27
0 0.5 0.0 0.5 0.0
0 1.0 838.7 0.0 0.0
0 1.0 2914.5 0.0 0.0
evaluation 28
0 0.5 0.0 0.5 0.0
0 1.0 597.2 0.0 0.0
0 1.0 2004.5 0.0 0.0
evaluation 29
0 0.5 0.0 0.5 0.0
0 1.0 2606.5 0.0 0.0
0 1.0 2225.8 0.0 0.0
evaluation 30
0 0.5 0.0 0.5 0.0
0 1.0 1092.6 0.0 0.0
0 1.0 3310.1 0.0 0.0
evaluation 31
0 0.5 0.0 0.5 0.0
0 1.0 1002.2 0.0 0.0
0 1.0 3312.2 0.0 0.0
evaluation 32
0 0.5 0.0 0.5 0.0
0 1.0 1320.0 0.0 0.0
0 1.0 3727.6 0.0 0.0
evaluation 33
0 0.5 0.0 0.5 0.0
0 1.0 700.7 0.0 0.0
0 1.0 2210.0 0.0 0.0
evaluation 34
0 0.5 0.0 0.5 0.0
0 1.0 1399.8 0.0 10.0
0 1.0 2810.0 0.0 0.0
evaluation 35
0 0.5 0.0 0.5 0.0
0 1.0 1792.5 0.0 0.0
0 1.0 2304.3 0.0 0.0
evaluation 36
0 1.0 2000.0 0.0 0.0
0 1.0 3806.1 0.0 0.0
0 1.0 5107.0 0.0 0.0
evaluation 37
0 1.0 2000.0 0.0 0.0
0 1.0 3120.0 0.0 0.0
0 1.0 4509.1 0.0 0.0
evaluation 38
0 1.0 2000.0 0.0 0.0
0 1.0 2904.6 0.0 0.0
0 1.0 5720.0 0.0 0.0
evaluation 39
0 1.0 1000.0 0.0 0.0
0 1.0 1006.7 0.0 0.0
0 1.0 3600.0 0.0 0.0
evaluation 40
0 1.0 2000.0 0.0 0.0
0 1.0 3307.9 0.0 0.0
0 1.0 4400.0 0.0 0.0
evaluation 41
0 1.0 2000.0 0.0 0.0
0 1.0 3717.9 0.0 0.0
0 1.0 4217.0 0.0 0.0
evaluation 42
0 1.0 2200.0 0.0 1695.8
0 1.0 5017.0 0.0 2499.5
0 1.0 4707.6 0.0 0.0
evaluation 43
0 0.0 1600.0 1.0 2996.4
0 1.0 3119.1 0.0 2694.3
0 1.0 6317.3 0.0 0.0
evaluation 44
0 1.0 2300.0 0.0 2110.0
0 1.0 2508.8 0.0 2205.8
0 1.0 5309.1 0.0 0.0
evaluation 45
0 0.0 2200.0 1.0 3105.5
0 1.0 3118.0 0.0 1600.0
0 1.0 5117.0 0.0 0.0
evaluation 46
0 0.0 900.0 1.0 2107.0
0 0.0 1399.0 1.0 3200.0
0 1.0 5297.5 0.0 0.0
evaluation 47
0 0.5 1300.0 0.5 1300.0
0 1.0 2290.5 0.0 2096.5
0 1.0 3100.0 0.0 0.0
evaluation 48
0 0.0 1100.0 1.0 1896.5
0 1.0 2000.0 0.0 1296.0
0 1.0 3610.0 0.0 0.0
evaluation 49
0 0.0 1400.0 1.0 1769.0
0 1.0 3586.5 0.0 2173.5
0 1.0 4801.0 0.0 0.0
evaluation 50
0 0.0 1300.0 1.0 1353.5
0 1.0 2842.0 0.0 2835.5
0 1.0 4567.0 0.0 0.0
evaluation 51
0 0.0 2500.0 1.0 3100.0
0 0.0 3389.6 1.0 4199.2
0 1.0 3784.8 0.0 0.0
evaluation 52
0 0.0 1500.0 1.0 2902.0
0 0.0 1800.0 1.0 2283.2
0 1.0 5298.0 0.0 0.0
evaluation 53
0 0.0 700.0 1.0 785.6
0 1.0 2062.8 0.0 1920.4
0 1.0 6501.2 0.0 0.0
evaluation 54
0 1.0 1700.0 0.0 1407.6
0 0.0 2122.4 1.0 3082.8
0 1.0 8183.2 0.0 0.0
evaluation 55
0 0.0 1000.0 1.0 3776.5
0 1.0 3779.0 0.0 2031.0
0 1.0 5892.0 0.0 0.0
evaluation 56
0 0.0 2900.0 1.0 3682.5
0 1.0 6377.5 0.0 2420.0
0 1.0 7902.5 0.0 0.0
evaluation 57
0 0.5 3800.0 0.5 3800.0
0 1.0 5164.5 0.0 3200.0
0 1.0 9884.0 0.0 3600.0
evaluation 58
0 0.5 1000.0 0.5 1000.0
0 1.0 4176.0 0.0 2200.0
0 1.0 5990.0 0.0 4300.0
evaluation 59
0 0.5 1000.0 0.5 1000.0
0 0.0 1499.0 1.0 1800.0
0 0.0 3319.5 1.0 3800.0
evaluation 60
0 0.5 0.0 0.5 0.0
0 1.0 2589.5 0.0 1800.0
0 1.0 3269.5 0.0 2000.0
evaluation 61
0 0.5 0.0 0.5 0.0
0 1.0 1842.0 0.0 700.0
0 0.0 1637.5 1.0 2500.0
evaluation 62
0 0.5 0.0 0.5 0.0
0 1.0 2287.0 0.0 900.0
0 1.0 2424.5 0.0 2300.0
evaluation 63
0 0.5 1600.0 0.5 1600.0
0 1.0 4652.0 0.0 1900.0
0 1.0 4776.0 0.0 2400.0
evaluation 64
0 0.5 1600.0 0.5 1600.0
0 1.0 2687.5 0.0 2310.0
0 1.0 6480.5 0.0 1500.0
evaluation 65
0 0.5 2600.0 0.5 2600.0
0 1.0 5607.5 0.0 2400.0
0 1.0 5227.5 0.0 2900.0
evaluation 66
0 1.0 3400.0 0.0 3000.0
0 1.0 4537.5 0.0 3200.0
0 1.0 6786.0 0.0 3000.0
evaluation 67
0 0.5 2600.0 0.5 2600.0
0 1.0 6509.0 0.0 2800.0
0 1.0 11002.0 0.0 2800.0
evaluation 68
0 0.5 2600.0 0.5 2600.0
0 1.0 6677.5 0.0 3000.0
0 1.0 9216.5 0.0 2800.0
evaluation 69
0 0.5 2600.0 0.5 2600.0
0 1.0 6896.5 0.0 2500.0
0 1.0 9700.5 0.0 2800.0
evaluation 70
0 0.5 2900.0 0.5 2900.0
0 1.0 4457.0 0.0 2600.0
0 1.0 5285.5 0.0 2700.0
evaluation 71
0 0.5 2900.0 0.5 2900.0
0 1.0 7406.8 0.0 2400.0
0 1.0 9910.0 0.0 2400.0
evaluation 72
0 0.5 2900.0 0.5 2900.0
0 1.0 6394.8 0.0 2800.0
0 1.0 7508.8 0.0 2700.0
evaluation 73
0 0.5 2900.0 0.5 2900.0
0 1.0 5068.8 0.0 2900.0
0 1.0 9401.2 0.0 2400.0
evaluation 74
0 0.0 3100.0 1.0 4783.6
0 1.0 8196.4 0.0 5580.4
0 1.0 8899.6 0.0 5186.0
evaluation 75
0 0.0 3200.0 1.0 4294.8
0 1.0 7088.8 0.0 5087.2
0 1.0 9898.8 0.0 5795.6
evaluation 76
0 0.0 2100.0 1.0 4773.2
0 0.0 4492.4 1.0 7383.2
0 1.0 5193.2 0.0 4075.2
evaluation 77
0 0.0 1600.0 1.0 5292.4
0 1.0 5289.2 0.0 3865.6
0 0.0 4393.2 1.0 4976.4
evaluation 78
0 0.0 2100.0 1.0 3174.4
0 1.0 3479.6 0.0 3078.8
0 1.0 5790.4 0.0 4479.2
evaluation 79
0 0.0 2300.0 1.0 5608.4
0 0.0 5987.2 1.0 6717.2
0 1.0 5707.2 0.0 5202.8
evaluation 80
0 0.0 2400.0 1.0 2812.0
0 1.0 3793.2 0.0 3398.4
0 1.0 6006.4 0.0 2795.2
evaluation 81
0 0.0 2300.0 1.0 4499.6
0 0.0 5306.0 1.0 7105.2
0 1.0 3698.4 0.0 3409.6
evaluation 82
0 0.0 2000.0 1.0 4514.8
0 1.0 5296.0 0.0 4701.2
0 1.0 6118.8 0.0 3692.8
evaluation 83
0 1.0 1600.0 0.0 1013.2
0 1.0 4201.6 0.0 2098.8
0 1.0 5720.0 0.0 2905.2
evaluation 84
0 1.0 1700.0 0.0 0.0
0 1.0 2484.4 0.0 0.0
0 1.0 4993.6 0.0 0.0
evaluation 85
0 1.0 1700.0 0.0 0.0
0 1.0 185.6 0.0 0.0
0 1.0 5320.0 0.0 0.0
evaluation 86
0 1.0 1700.0 0.0 0.0
0 1.0 3405.6 0.0 0.0
0 1.0 6007.2 0.0 0.0
evaluation 87
0 1.0 1700.0 0.0 0.0
0 1.0 2900.8 0.0 0.0
0 1.0 7308.4 0.0 0.0
evaluation 88
0 1.0 1700.0 0.0 0.0
0 1.0 983.9 0.0 0.0
0 1.0 4591.0 0.0 0.0
evaluation 89
0 1.0 2000.0 0.0 0.0
0 1.0 3773.1 0.0 0.0
0 1.0 9295.6 0.0 0.0
evaluation 90
0 1.0 2000.0 0.0 0.0
0 1.0 2492.9 0.0 0.0
0 1.0 3910.0 0.0 0.0
evaluation 91
0 1.0 2000.0 0.0 0.0
0 1.0 1493.8 0.0 0.0
0 1.0 7225.5 0.0 0.0
evaluation 92
0 1.0 2000.0 0.0 0.0
0 1.0 343.3 0.0 0.0
0 1.0 5385.7 0.0 0.0
evaluation 93
0 1.0 2000.0 0.0 0.0
0 1.0 4890.3 0.0 0.0
0 1.0 4800.0 0.0 0.0
evaluation 94
0 1.0 1700.0 0.0 0.0
0 1.0 4572.3 0.0 0.0
0 1.0 7413.7 0.0 0.0
evaluation 95
0 1.0 1700.0 0.0 0.0
0 1.0 2976.6 0.0 0.0
0 1.0 7502.9 0.0 10.0
evaluation 96
0 1.0 1700.0 0.0 0.0
0 1.0 1284.9 0.0 0.0
0 1.0 4400.0 0.0 0.0
evaluation 97
0 1.0 1700.0 0.0 0.0
0 1.0 2686.6 0.0 0.0
0 1.0 5716.4 0.0 0.0
evaluation 98
0 1.0 1200.0 0.0 0.0
0 1.0 883.9 0.0 0.0
0 1.0 5791.0 0.0 0.0
evaluation 99
0 1.0 800.0 0.0 0.0
0 1.0 1988.4 0.0 0.0
0 1.0 4003.7 0.0 0.0
0 1.0 800.0 0.0 0.0
0 1.0 2278.5 0.0 0.0
0 1.0 2910.0 0.0 0.0
4153810 ms elapsed
Best solution first found at eval: 54
Best solution: [10, 9, 8, 40, 2, 1, 0, 0, 1, 1, 0, 0, 0, 1, 0, 0, 0, 1, 1, 1, 1, 50, 0, 8, 0, 20, 1, 400, 200, 4]
Best fitness: 63.58799999999985
Final solution: [6, 7, 2, 60, 3, 1, 0, 0, 1, 1, 0, 0, 0, 1, 0, 0, 0, 1, 1, 1, 1, 25, 2, 9, 10, 20, 1, 400, 200, 1]
Final fitness: 6.314999999999941
Number of visits to optimal: 0
Total number of evaluations: 101

evaluation 0
0 0.0 1400.0 1.0 2010.0
0 0.0 810.0 1.0 4220.0
0 1.0 3600.0 0.0 1600.0
evaluation 1
0 0.0 600.0 1.0 2810.0
0 1.0 1510.0 0.0 1210.0
0 1.0 2000.0 0.0 610.0
evaluation 2
0 0.0 1100.0 1.0 2100.0
0 1.0 1900.0 0.0 1830.0
0 1.0 4400.0 0.0 2610.0
evaluation 3
0 1.0 1300.0 0.0 810.0
0 1.0 3620.0 0.0 2500.0
0 1.0 3120.0 0.0 2210.0
evaluation 4
0 0.0 1200.0 1.0 1400.0
0 0.0 800.0 1.0 2400.0
0 0.0 1910.0 1.0 2320.0
evaluation 5
0 0.0 1100.0 1.0 1620.0
0 0.0 1800.0 1.0 3020.0
0 1.0 4710.0 0.0 1100.0
evaluation 6
0 0.0 1300.0 1.0 2620.0
0 1.0 3320.0 0.0 3200.0
0 0.0 3810.0 1.0 4120.0
evaluation 7
0 0.0 1600.0 1.0 3620.0
0 1.0 3810.0 0.0 2510.0
0 1.0 3600.0 0.0 3110.0
evaluation 8
0 0.0 1400.0 1.0 2610.0
0 0.0 2720.0 1.0 3710.0
0 1.0 4300.0 0.0 2200.0
evaluation 9
0 0.0 1400.0 1.0 2720.0
0 0.0 3610.0 1.0 4320.0
0 1.0 5410.0 0.0 3110.0
evaluation 10
0 0.0 1800.0 1.0 2900.0
0 0.0 1900.0 1.0 2410.0
0 1.0 4200.0 0.0 3410.0
evaluation 11
0 0.0 3200.0 1.0 6220.0
0 1.0 6300.0 0.0 5720.0
0 1.0 8610.0 0.0 4610.0
evaluation 12
0 0.0 500.0 1.0 2920.0
0 1.0 2720.0 0.0 2710.0
0 1.0 2120.0 0.0 800.0
evaluation 13
0 1.0 1900.0 0.0 1310.0
0 1.0 2010.0 0.0 900.0
0 1.0 9420.0 0.0 4100.0
evaluation 14
0 0.0 800.0 1.0 2320.0
0 1.0 2520.0 0.0 900.0
0 1.0 6410.0 0.0 2710.0
evaluation 15
0 0.0 1200.0 1.0 2700.0
0 1.0 2620.0 0.0 2300.0
0 1.0 6400.0 0.0 3210.0
evaluation 16
0 1.0 700.0 0.0 420.0
0 0.0 100.0 1.0 4220.0
0 1.0 4600.0 0.0 2410.0
evaluation 17
0 0.0 1200.0 1.0 3711.0
0 1.0 3442.5 0.0 199.0
0 1.0 4664.5 0.0 -110.0
evaluation 18
0 0.0 800.0 1.0 3733.0
0 1.0 4535.0 0.0 3298.5
0 1.0 2354.0 0.0 627.5
evaluation 19
0 1.0 2400.0 0.0 508.5
0 0.0 4895.0 1.0 5378.0
0 1.0 9361.5 0.0 4860.0
evaluation 20
0 0.0 1600.0 1.0 4096.0
0 0.0 1679.5 1.0 2885.0
0 0.0 4038.0 1.0 5190.5
evaluation 21
0 0.0 1300.0 1.0 2082.0
0 1.0 1702.0 0.0 1282.5
0 1.0 16152.5 0.0 10706.5
evaluation 22
0 0.0 1900.0 1.0 3872.5
0 0.0 6042.0 1.0 6508.5
0 1.0 8430.0 0.0 2657.5
evaluation 23
0 0.0 2810.0 1.0 3730.5
0 1.0 6696.0 0.0 4003.0
0 1.0 6334.5 0.0 3715.0
evaluation 24
0 0.0 2800.0 1.0 4741.4
0 1.0 5733.0 0.0 3731.4
0 0.0 6330.0 1.0 8536.0
evaluation 25
0 0.0 2500.0 1.0 7449.7
0 0.0 6694.5 1.0 6779.8
0 1.0 8679.8 0.0 5072.6
evaluation 26
0 0.0 2800.0 1.0 4730.0
0 1.0 4646.5 0.0 2844.2
0 1.0 10179.2 0.0 7097.1
evaluation 27
0 0.0 1600.0 1.0 4178.2
0 1.0 4569.4 0.0 2956.8
0 1.0 11684.1 0.0 3763.6
evaluation 28
0 0.0 200.0 1.0 4779.9
0 1.0 6295.7 0.0 5268.1
0 1.0 8225.7 0.0 3990.8
evaluation 29
0 0.0 -200.0 1.0 4320.9
0 1.0 8324.5 0.0 4321.9
0 0.0 2407.4 1.0 2763.4
evaluation 30
0 0.0 1000.0 1.0 1144.8000000000002
0 1.0 5526.1 0.0 4132.1
0 0.0 3871.5 1.0 6877.2
evaluation 31
0 1.0 2300.0 0.0 1875.6
0 1.0 6083.5 0.0 3619.4
0 1.0 8017.4 0.0 5552.5
evaluation 32
0 0.0 2000.0 1.0 4163.0
0 0.0 5368.5 1.0 5498.5
0 1.0 9232.0 0.0 7597.0
evaluation 33
0 1.0 2400.0 0.0 704.5
0 0.0 2291.0 1.0 5078.0
0 1.0 5224.5 0.0 2593.0
evaluation 34
0 1.0 2000.0 0.0 1162.0
0 1.0 5052.0 0.0 2844.0
0 1.0 10531.5 0.0 7919.0
evaluation 35
0 0.0 1500.0 1.0 4194.5
0 0.0 3194.5 1.0 6408.0
0 1.0 8013.5 0.0 3294.5
evaluation 36
0 1.0 2000.0 0.0 1805.0
0 0.0 1589.0 1.0 3124.5
0 1.0 3718.5 0.0 3097.0
evaluation 37
0 1.0 2800.0 0.0 1984.5
0 1.0 4177.0 0.0 3883.5
0 1.0 5411.0 0.0 4390.0
evaluation 38
0 0.0 2200.0 1.0 5694.5
0 0.0 6284.5 1.0 10706.0
0 1.0 8897.5 0.0 4591.5
evaluation 39
0 0.0 3200.0 1.0 4286.5
0 0.0 5574.0 1.0 9109.5
0 1.0 8476.5 0.0 3690.5
evaluation 40
0 0.0 4400.0 1.0 7207.8
0 1.0 8207.7 0.0 5904.9
0 1.0 7006.9 0.0 5196.5
evaluation 41
0 0.0 1000.0 1.0 2894.7
0 0.0 1896.4 1.0 2604.5
0 1.0 5017.2 0.0 2299.4
evaluation 42
0 0.0 1000.0 1.0 2517.8
0 0.0 1608.1 1.0 2495.3
0 0.0 1697.1 1.0 2608.1
evaluation 43
0 0.0 1600.0 1.0 4215.6
0 0.0 3195.7 1.0 3605.1
0 1.0 3319.1 0.0 2396.4
evaluation 44
0 0.0 1200.0 1.0 1203.0
0 0.0 4296.6 1.0 4807.0
0 1.0 4619.6 0.0 3907.6
evaluation 45
0 0.0 1500.0 1.0 1793.7
0 0.0 2196.1 1.0 3504.1
0 0.0 3295.9 1.0 3615.0
evaluation 46
0 0.0 1100.0 1.0 2815.7
0 1.0 5609.5 0.0 4303.7
0 1.0 7026.4 0.0 3096.7
evaluation 47
0 0.0 1600.0 1.0 4416.1
0 0.0 3395.3 1.0 4593.7
0 0.0 2206.8 1.0 2314.9
evaluation 48
0 0.0 1500.0 1.0 2510.2
0 0.0 2202.1 1.0 2905.9
0 1.0 3505.0 0.0 1107.2
evaluation 49
0 0.0 1700.0 1.0 3389.2
0 1.0 2402.6 0.0 2093.2
0 1.0 4396.7 0.0 2195.1
evaluation 50
0 1.0 1100.0 0.0 793.8
0 1.0 2602.9 0.0 1995.7
0 0.0 3514.2 1.0 3603.4
evaluation 51
0 0.0 1200.0 1.0 2500.9
0 1.0 3713.5 0.0 2592.0
0 1.0 2906.6 0.0 2504.6
evaluation 52
0 1.0 1300.0 0.0 0.0
0 1.0 1699.1 0.0 0.0
0 1.0 3206.8 0.0 0.0
evaluation 53
0 1.0 1300.0 0.0 0.0
0 1.0 1702.6 0.0 0.0
0 1.0 3115.7 0.0 0.0
evaluation 54
0 1.0 1300.0 0.0 0.0
0 1.0 3012.2 0.0 0.0
0 1.0 3697.8 0.0 0.0
evaluation 55
0 1.0 1300.0 0.0 0.0
0 1.0 1600.0 0.0 0.0
0 1.0 6010.0 0.0 0.0
evaluation 56
0 1.0 1300.0 0.0 0.0
0 1.0 2400.0 0.0 0.0
0 1.0 4610.0 0.0 0.0
evaluation 57
0 1.0 1300.0 0.0 0.0
0 1.0 2300.0 0.0 0.0
0 1.0 2520.0 0.0 0.0
evaluation 58
0 1.0 1300.0 0.0 0.0
0 1.0 3220.0 0.0 0.0
0 1.0 4110.0 0.0 0.0
evaluation 59
0 1.0 1300.0 0.0 0.0
0 1.0 2762.9 0.0 0.0
0 1.0 2384.1 0.0 0.0
evaluation 60
0 0.5 0.0 0.5 0.0
0 1.0 476.3 0.0 0.0
0 1.0 1487.5 0.0 0.0
evaluation 61
0 0.5 0.0 0.5 0.0
0 1.0 1475.5 0.0 0.0
0 1.0 2791.7 0.0 0.0
evaluation 62
0 0.5 0.0 0.5 0.0
0 0.0 -38.699999999999996 1.0 0.0
0 1.0 3092.9 0.0 0.0
evaluation 63
0 1.0 700.0 0.0 0.0
0 1.0 263.7 0.0 0.0
0 1.0 2995.9 0.0 0.0
evaluation 64
0 1.0 700.0 0.0 0.0
0 1.0 2108.5 0.0 0.0
0 1.0 1399.7 0.0 0.0
evaluation 65
0 1.0 700.0 0.0 0.0
0 1.0 608.2 0.0 0.0
0 1.0 2800.0 0.0 10.0
evaluation 66
0 1.0 700.0 0.0 0.0
0 1.0 2620.0 0.0 0.0
0 1.0 2920.0 0.0 0.0
evaluation 67
0 1.0 700.0 0.0 0.0
0 1.0 1819.7 0.0 0.0
0 1.0 799.7 0.0 0.0
evaluation 68
0 1.0 700.0 0.0 0.0
0 1.0 1199.4 0.0 0.0
0 1.0 2909.7 0.0 0.0
evaluation 69
0 1.0 700.0 0.0 0.0
0 1.0 599.7 0.0 0.0
0 1.0 900.0 0.0 0.0
evaluation 70
0 1.0 2000.0 0.0 0.0
0 1.0 4510.0 0.0 0.0
0 1.0 4610.0 0.0 0.0
evaluation 71
0 1.0 1300.0 0.0 0.0
0 1.0 2520.0 0.0 0.0
0 1.0 1399.7 0.0 0.0
evaluation 72
0 1.0 1300.0 0.0 0.0
0 1.0 1309.4 0.0 0.0
0 1.0 7020.0 0.0 0.0
evaluation 73
0 1.0 1300.0 0.0 0.0
0 1.0 1810.0 0.0 0.0
0 1.0 3600.0 0.0 0.0
evaluation 74
0 1.0 1300.0 0.0 0.0
0 1.0 2909.7 0.0 0.0
0 1.0 6810.0 0.0 0.0
evaluation 75
0 1.0 1300.0 0.0 0.0
0 1.0 3930.0 0.0 0.0
0 1.0 3210.0 0.0 0.0
evaluation 76
0 1.0 1800.0 0.0 0.0
0 1.0 2410.0 0.0 0.0
0 1.0 3410.0 0.0 0.0
evaluation 77
0 1.0 3600.0 0.0 0.0
0 1.0 10920.0 0.0 0.0
0 1.0 14020.0 0.0 0.0
evaluation 78
0 1.0 3600.0 0.0 0.0
0 1.0 4500.0 0.0 0.0
0 1.0 8000.0 0.0 0.0
evaluation 79
0 1.0 3600.0 0.0 0.0
0 1.0 7930.0 0.0 0.0
0 1.0 9520.0 0.0 0.0
evaluation 80
0 1.0 3600.0 0.0 0.0
0 1.0 6000.0 0.0 0.0
0 1.0 10810.0 0.0 0.0
evaluation 81
0 1.0 3600.0 0.0 10.0
0 1.0 8520.0 0.0 0.0
0 1.0 7100.0 0.0 0.0
evaluation 82
0 1.0 3600.0 0.0 0.0
0 1.0 6520.0 0.0 0.0
0 1.0 10910.0 0.0 0.0
evaluation 83
0 1.0 3600.0 0.0 0.0
0 1.0 5516.8 0.0 0.0
0 1.0 10320.0 0.0 0.0
evaluation 84
0 1.0 3600.0 0.0 0.0
0 1.0 5598.4 0.0 10.0
0 1.0 5610.0 0.0 0.0
evaluation 85
0 1.0 3600.0 0.0 0.0
0 1.0 7720.0 0.0 10.0
0 1.0 7200.0 0.0 0.0
evaluation 86
0 1.0 3600.0 0.0 0.0
0 1.0 3699.2 0.0 0.0
0 1.0 10920.0 0.0 0.0
evaluation 87
0 1.0 3200.0 0.0 0.0
0 1.0 3899.2 0.0 0.0
0 1.0 5130.0 0.0 0.0
evaluation 88
0 1.0 3200.0 0.0 0.0
0 1.0 4720.0 0.0 0.0
0 1.0 4910.0 0.0 0.0
evaluation 89
0 1.0 3200.0 0.0 0.0
0 1.0 5210.0 0.0 0.0
0 1.0 7220.0 0.0 0.0
evaluation 90
0 1.0 1500.0 0.0 0.0
0 1.0 3309.2 0.0 0.0
0 1.0 1810.0 0.0 0.0
evaluation 91
0 1.0 3200.0 0.0 0.0
0 1.0 6210.0 0.0 0.0
0 1.0 8610.0 0.0 0.0
evaluation 92
0 1.0 1500.0 0.0 0.0
0 1.0 3620.0 0.0 0.0
0 1.0 5610.0 0.0 0.0
evaluation 93
0 1.0 1800.0 0.0 0.0
0 1.0 3610.0 0.0 0.0
0 1.0 7510.0 0.0 0.0
evaluation 94
0 1.0 3600.0 0.0 0.0
0 1.0 3700.0 0.0 0.0
0 1.0 10920.0 0.0 0.0
evaluation 95
0 1.0 3600.0 0.0 0.0
0 1.0 6910.0 0.0 0.0
0 1.0 11420.0 0.0 0.0
evaluation 96
0 1.0 3600.0 0.0 0.0
0 1.0 6110.0 0.0 0.0
0 1.0 13630.0 0.0 0.0
evaluation 97
0 0.0 4000.0 1.0 9120.0
0 0.0 6609.2 1.0 7500.0
0 0.0 7900.0 1.0 10820.0
evaluation 98
0 0.0 4000.0 1.0 10720.0
0 0.0 8220.0 1.0 8610.0
0 0.0 9310.0 1.0 10520.0
evaluation 99
0 0.0 3900.0 1.0 7410.0
0 0.0 4010.0 1.0 9610.0
0 0.0 5710.0 1.0 10920.0
0 1.0 3600.0 0.0 0.0
0 1.0 5618.4 0.0 0.0
0 1.0 5800.0 0.0 0.0
3043892 ms elapsed
Best solution first found at eval: 28
Best solution: [6, 6, 8, 80, 3, 1, 0, 0, 0, 0, 0, 0, 1, 0, 1, 1, 0, 0, 0, 0, 0, 50, 0, 7, 10, 10, 2, 500, 250, 3]
Best fitness: 63.07899999999995
Final solution: [7, 1, 10, 140, 2, 0, 1, 0, 1, 1, 1, 1, 0, 1, 0, 1, 0, 1, 1, 1, 1, 25, 0, 8, 20, 20, 1, 400, 200, 1]
Final fitness: 1.816000000000031
Number of visits to optimal: 0
Total number of evaluations: 101

evaluation 0
0 0.5 3200.0 0.5 3200.0
0 1.0 5510.0 0.0 4900.0
0 1.0 9420.0 0.0 4400.0
evaluation 1
0 0.5 3200.0 0.5 3200.0
0 1.0 6919.9 0.0 5000.0
0 1.0 7410.0 0.0 3700.0
evaluation 2
0 0.5 2300.0 0.5 2300.0
0 1.0 4819.7 0.0 1900.0
0 0.0 1899.9 1.0 3300.0
evaluation 3
0 0.5 2300.0 0.5 2300.0
0 1.0 4320.0 0.0 3100.0
0 1.0 6810.0 0.0 1800.0
evaluation 4
0 0.5 2300.0 0.5 2300.0
0 1.0 2420.0 0.0 1800.0
0 1.0 7120.0 0.0 1700.0
evaluation 5
0 0.5 2300.0 0.5 2300.0
0 0.0 1909.8 1.0 2100.0
0 1.0 3000.0 0.0 2800.0
evaluation 6
0 0.5 2300.0 0.5 2300.0
0 0.0 1710.0 1.0 1800.0
0 1.0 3810.0 0.0 2100.0
evaluation 7
0 0.5 2300.0 0.5 2300.0
0 0.0 2520.0 1.0 2800.0
0 1.0 5110.0 0.0 2400.0
evaluation 8
0 0.5 1900.0 0.5 1900.0
0 1.0 3900.0 0.0 2700.0
0 1.0 5610.0 0.0 3800.0
evaluation 9
0 0.5 1900.0 0.5 1900.0
0 1.0 4800.0 0.0 1900.0
0 1.0 5920.0 0.0 2300.0
evaluation 10
0 0.5 2100.0 0.5 2100.0
0 1.0 3610.0 0.0 3100.0
0 1.0 6310.0 0.0 3300.0
evaluation 11
0 0.5 2100.0 0.5 2100.0
0 1.0 7930.0 0.0 3500.0
0 1.0 7810.0 0.0 2300.0
evaluation 12
0 0.5 2500.0 0.5 2500.0
0 1.0 6019.8 0.0 3000.0
0 1.0 5799.9 0.0 4200.0
evaluation 13
0 0.0 3700.0 1.0 3800.0
0 1.0 6817.4 0.0 3300.0
0 1.0 8608.0 0.0 4100.0
evaluation 14
0 0.0 3700.0 1.0 3800.0
0 1.0 6518.0 0.0 3700.0
0 1.0 6100.0 0.0 2900.0
evaluation 15
0 0.0 3300.0 1.0 3400.0
0 1.0 5596.5 0.0 3400.0
0 1.0 4891.5 0.0 3200.0
evaluation 16
0 0.0 3300.0 1.0 3400.0
0 1.0 5294.5 0.0 4000.0
0 1.0 7510.0 0.0 4100.0
evaluation 17
0 1.0 4700.0 0.0 4100.0
0 1.0 5806.0 0.0 3800.0
0 1.0 10501.5 0.0 4000.0
evaluation 18
0 1.0 3400.0 0.0 2610.0
0 1.0 9413.0 0.0 2700.0
0 1.0 10605.0 0.0 3300.0
evaluation 19
0 1.0 5300.0 0.0 5027.5
0 1.0 5200.5 0.0 3848.0
0 1.0 14814.5 0.0 10.0
evaluation 20
0 0.0 3800.0 1.0 7400.0
0 0.0 2984.0 1.0 8132.5
0 1.0 9602.5 0.0 0.0
evaluation 21
0 1.0 2000.0 0.0 362.0
0 0.0 1280.0 1.0 5293.5
0 1.0 13817.0 0.0 0.0
evaluation 22
0 0.0 1400.0 1.0 2068.5
0 0.0 2986.0 1.0 4699.5
0 1.0 4590.5 0.0 0.0
evaluation 23
0 0.0 1900.0 1.0 2902.5
0 1.0 3383.0 0.0 2902.0
0 1.0 9393.5 0.0 0.0
evaluation 24
0 1.0 3600.0 0.0 1441.5
0 1.0 7104.0 0.0 4724.0
0 1.0 4205.5 0.0 0.0
evaluation 25
0 0.0 4600.0 1.0 8349.5
0 0.0 5581.0 1.0 7745.5
0 1.0 11316.0 0.0 0.0
evaluation 26
0 0.0 4500.0 1.0 5351.0
0 0.0 4607.5 1.0 6550.0
0 1.0 13319.5 0.0 0.0
evaluation 27
0 0.0 5400.0 1.0 8557.5
0 0.0 2791.0 1.0 6092.0
0 1.0 7010.0 0.0 0.0
evaluation 28
0 1.0 4000.0 0.0 2625.5
0 1.0 8400.0 0.0 4594.0
0 1.0 13208.0 0.0 0.0
evaluation 29
0 1.0 5000.0 0.0 3758.0
0 1.0 11301.0 0.0 9212.5
0 1.0 11220.0 0.0 0.0
evaluation 30
0 0.0 4900.0 1.0 7248.0
0 0.0 6806.0 1.0 10230.0
0 1.0 10793.0 0.0 0.0
evaluation 31
0 0.0 3200.0 1.0 13026.0
0 0.0 9203.5 1.0 16708.0
0 0.0 4994.0 1.0 9403.0
evaluation 32
0 0.0 4300.0 1.0 11205.5
0 0.0 5785.5 1.0 9795.5
0 0.0 7891.0 1.0 13406.5
evaluation 33
0 0.0 3100.0 1.0 15720.0
0 0.0 7997.0 1.0 9810.0
0 0.0 4692.0 1.0 14715.0
evaluation 34
0 0.0 3800.0 1.0 13907.0
0 0.0 5991.0 1.0 9910.0
0 0.0 7490.4 1.0 12709.4
evaluation 35
0 0.0 3600.0 1.0 7297.6
0 0.0 8010.0 1.0 10617.0
0 0.0 5295.2 1.0 14909.8
evaluation 36
0 0.0 3600.0 1.0 14210.0
0 0.0 7205.8 1.0 7994.0
0 0.0 8398.2 1.0 12907.6
evaluation 37
0 0.0 2200.0 1.0 5697.6
0 0.0 5507.0 1.0 7710.0
0 0.0 2594.6 1.0 5625.2
evaluation 38
0 0.0 4900.0 1.0 7197.6
0 0.0 7016.4 1.0 11897.0
0 0.0 8205.8 1.0 10808.2
evaluation 39
0 0.0 4400.0 1.0 6508.2
0 0.0 2402.8 1.0 9000.0
0 0.0 2190.4 1.0 11696.4
evaluation 40
0 0.0 4900.0 1.0 14318.2
0 0.0 9203.4 1.0 10098.2
0 0.0 11515.2 1.0 13006.4
evaluation 41
0 0.0 3700.0 1.0 7600.0
0 0.0 5599.8 1.0 10796.4
0 0.0 11514.0 1.0 13610.0
evaluation 42
0 0.0 3000.0 1.0 7790.4
0 0.0 8379.4 1.0 14897.4
0 1.0 11915.2 0.0 7096.4
evaluation 43
0 0.0 2700.0 1.0 13818.8
0 0.0 10398.0 1.0 10399.8
0 0.0 5595.2 1.0 10500.4
evaluation 44
0 0.0 4100.0 1.0 11172.6
0 0.0 11546.2 1.0 14561.4
0 1.0 8050.4 0.0 7268.0
evaluation 45
0 0.0 4500.0 1.0 12576.4
0 0.0 4568.8 1.0 12976.8
0 0.0 8756.6 1.0 15880.0
evaluation 46
0 0.0 1200.0 1.0 6469.2
0 0.0 5060.2 1.0 7086.6
0 0.0 4762.0 1.0 4973.6
evaluation 47
0 0.0 1800.0 1.0 4680.8
0 0.0 2349.4 1.0 3883.8
0 0.0 3209.2 1.0 5868.2
evaluation 48
0 0.0 1600.0 1.0 5596.2
0 0.0 2274.0 1.0 7784.4
0 0.0 5175.0 1.0 5959.8
evaluation 49
0 0.0 1500.0 1.0 4593.2
0 0.0 3254.8 1.0 5156.2
0 0.0 4675.6 1.0 5890.8
evaluation 50
0 0.0 1100.0 1.0 7617.2
0 0.0 1505.6000000000001 1.0 2659.8
0 0.0 4169.2 1.0 5787.2
evaluation 51
0 0.0 -400.0 1.0 5181.6
0 0.0 -47.799999999999955 1.0 4979.6
0 1.0 1160.0 0.0 751.2
evaluation 52
0 0.0 -600.0 1.0 1006.6000000000001
0 0.0 -321.0 1.0 1743.4
0 0.0 -1369.2 1.0 401.60000000000014
evaluation 53
0 0.0 -600.0 1.0 2296.8
0 0.0 -72.79999999999995 1.0 1907.4
0 0.0 60.799999999999955 1.0 1826.4
evaluation 54
0 1.0 -200.0 0.0 -1037.8
0 1.0 -409.20000000000005 0.0 -528.5999999999999
0 1.0 3412.0 0.0 -995.2
evaluation 55
0 1.0 -300.0 0.0 -682.0
0 0.0 453.4000000000001 1.0 529.0
0 1.0 3645.4 0.0 2001.0
evaluation 56
0 0.0 800.0 1.0 1656.0
0 0.0 670.0 1.0 1542.8
0 1.0 2577.8 0.0 259.0
evaluation 57
0 1.0 600.0 0.0 130.2
0 1.0 636.8 0.0 438.8
0 1.0 3386.8 0.0 2358.8
evaluation 58
0 0.5 600.0 0.5 600.0
0 0.0 239.4 1.0 500.0
0 1.0 3358.0 0.0 500.0
evaluation 59
0 0.5 600.0 0.5 600.0
0 1.0 508.0 0.0 300.0
0 1.0 1391.0 0.0 500.0
evaluation 60
0 0.5 1000.0 0.5 1000.0
0 0.0 94.4 1.0 600.0
0 1.0 4187.4 0.0 300.0
evaluation 61
0 0.5 1000.0 0.5 1000.0
0 1.0 503.4 0.0 400.0
0 1.0 5311.6 0.0 800.0
evaluation 62
0 0.5 1000.0 0.5 1000.0
0 1.0 2687.8 0.0 600.0
0 1.0 2507.0 0.0 600.0
evaluation 63
0 0.5 2000.0 0.5 2000.0
0 1.0 4283.6 0.0 1900.0
0 1.0 3397.4 0.0 1600.0
evaluation 64
0 0.5 2000.0 0.5 2000.0
0 1.0 2676.6 0.0 1600.0
0 1.0 6600.2 0.0 3200.0
evaluation 65
0 0.5 2000.0 0.5 2000.0
0 1.0 4094.4 0.0 2800.0
0 1.0 5280.2 0.0 1900.0
evaluation 66
0 0.5 2000.0 0.5 2000.0
0 1.0 3186.2 0.0 2000.0
0 1.0 3883.8 0.0 2300.0
evaluation 67
0 0.5 2000.0 0.5 2000.0
0 0.0 1290.4 1.0 2700.0
0 1.0 4899.6 0.0 1600.0
evaluation 68
0 0.5 2000.0 0.5 2000.0
0 1.0 4230.0 0.0 1100.0
0 1.0 5310.4 0.0 2100.0
evaluation 69
0 1.0 3000.0 0.0 2000.0
0 1.0 5517.6 0.0 2800.0
0 1.0 5391.6 0.0 2700.0
evaluation 70
0 1.0 6000.0 0.0 4000.0
0 1.0 10220.0 0.0 5000.0
0 1.0 15424.6 0.0 5900.0
evaluation 71
0 1.0 6000.0 0.0 4000.0
0 1.0 8012.2 0.0 4900.0
0 1.0 14202.8 0.0 5100.0
evaluation 72
0 0.0 4600.0 1.0 8201.6
0 1.0 9305.2 0.0 9219.4
0 1.0 17005.8 0.0 4392.8
evaluation 73
0 0.0 5600.0 1.0 10505.2
0 0.0 5298.2 1.0 7693.4
0 1.0 13420.0 0.0 6807.0
evaluation 74
0 0.0 4700.0 1.0 5698.8
0 1.0 7716.4 0.0 6996.4
0 1.0 12106.4 0.0 6210.0
evaluation 75
0 0.0 4100.0 1.0 6310.0
0 0.0 8200.0 1.0 10707.0
0 1.0 12110.0 0.0 11717.6
evaluation 76
0 0.0 4200.0 1.0 10008.8
0 1.0 8108.8 0.0 7397.9
0 1.0 11797.9 0.0 8706.4
evaluation 77
0 0.0 3400.0 1.0 7599.4
0 0.0 7098.5 1.0 8207.0
0 1.0 9320.0 0.0 6607.6
evaluation 78
0 0.0 3000.0 1.0 6025.8
0 1.0 3595.8 0.0 2501.9
0 0.0 3700.0 1.0 5597.3
evaluation 79
0 0.0 4100.0 1.0 4206.7
0 0.0 3704.9 1.0 5207.0
0 1.0 9809.1 0.0 1106.7
evaluation 80
0 0.0 3900.0 1.0 5207.9
0 0.0 5998.2 1.0 9200.0
0 0.0 5398.5 1.0 5604.6
evaluation 81
0 0.0 2400.0 1.0 5218.5
0 1.0 5108.5 0.0 3910.0
0 1.0 4606.7 0.0 3808.8
evaluation 82
0 0.0 2300.0 1.0 3699.4
0 0.0 3200.0 1.0 5307.3
0 1.0 7107.0 0.0 4200.0
evaluation 83
0 0.0 2300.0 1.0 6600.0
0 0.0 3698.8 1.0 4400.0
0 0.0 3007.6 1.0 5209.4
evaluation 84
0 0.0 2800.0 1.0 7719.2
0 1.0 5628.8 0.0 5500.0
0 1.0 3429.0 0.0 3000.0
evaluation 85
0 0.0 2000.0 1.0 4909.2
0 0.0 4318.4 1.0 8408.8
0 0.0 4407.4 1.0 6509.4
evaluation 86
0 0.0 1900.0 1.0 5919.2
0 0.0 4705.8 1.0 7220.0
0 0.0 5619.2 1.0 6810.0
evaluation 87
0 0.0 1900.0 1.0 3910.0
0 0.0 4610.0 1.0 8210.0
0 0.0 3997.6 1.0 8220.0
evaluation 88
0 0.0 2100.0 1.0 5208.6
0 0.0 6308.8 1.0 7610.0
0 1.0 5120.0 0.0 5000.0
evaluation 89
0 0.0 2000.0 1.0 3810.0
0 0.0 4800.0 1.0 6019.2
0 0.0 3898.0 1.0 7310.0
evaluation 90
0 0.0 2700.0 1.0 6000.0
0 0.0 3597.6 1.0 7218.4
0 1.0 5918.4 0.0 5098.8
evaluation 91
0 0.0 2400.0 1.0 4908.8
0 0.0 4007.6 1.0 5409.2
0 0.0 4494.4 1.0 5700.0
evaluation 92
0 0.0 2900.0 1.0 7920.0
0 0.0 3297.2 1.0 5620.0
0 0.0 4010.0 1.0 9119.2
evaluation 93
0 0.0 2100.0 1.0 7610.0
0 0.0 4418.4 1.0 6600.0
0 0.0 4709.2 1.0 8910.0
evaluation 94
0 0.0 2100.0 1.0 7420.0
0 1.0 5918.8 0.0 5600.0
0 0.0 3295.2 1.0 6498.4
evaluation 95
0 1.0 1700.0 0.0 0.0
0 1.0 3100.0 0.0 0.0
0 1.0 2500.0 0.0 0.0
evaluation 96
0 1.0 1700.0 0.0 0.0
0 1.0 3210.0 0.0 0.0
0 1.0 5500.0 0.0 0.0
evaluation 97
0 1.0 2800.0 0.0 0.0
0 1.0 3800.0 0.0 0.0
0 1.0 5410.0 0.0 0.0
evaluation 98
0 1.0 5600.0 0.0 0.0
0 1.0 10810.0 0.0 0.0
0 1.0 13600.0 0.0 0.0
evaluation 99
0 1.0 5600.0 0.0 0.0
0 1.0 6200.0 0.0 0.0
0 1.0 14810.0 0.0 0.0
0 1.0 5600.0 0.0 0.0
0 1.0 16830.0 0.0 0.0
0 1.0 19920.0 0.0 0.0
4497285 ms elapsed
Best solution first found at eval: 73
Best solution: [9, 9, 8, 140, 2, 0, 0, 0, 1, 0, 0, 0, 0, 0, 1, 0, 0, 0, 0, 1, 1, 25, 2, 6, 10, 20, 2, 500, 250, 3]
Best fitness: 125.27199999999993
Final solution: [9, 5, 8, 140, 2, 0, 0, 0, 1, 0, 0, 0, 0, 0, 1, 1, 0, 0, 0, 1, 1, 75, 2, 0, 10, 10, 2, 400, 250, 1]
Final fitness: 30.90000000000009
Number of visits to optimal: 0
Total number of evaluations: 101

evaluation 0
0 0.5 0.0 0.5 0.0
0 1.0 887.8 0.0 800.0
0 1.0 5790.6 0.0 1500.0
evaluation 1
0 0.5 600.0 0.5 600.0
0 1.0 1800.0 0.0 800.0
0 1.0 14220.0 0.0 1200.0
evaluation 2
0 0.5 0.0 0.5 0.0
0 0.0 360.7 1.0 1700.0
0 1.0 6881.4 0.0 800.0
evaluation 3
0 1.0 0.0 0.0 -200.0
0 1.0 2189.9 0.0 1200.0
0 1.0 7472.9 0.0 1000.0
evaluation 4
0 1.0 0.0 0.0 -200.0
0 0.0 989.7 1.0 1000.0
0 1.0 4093.9 0.0 900.0
evaluation 5
0 0.5 -200.0 0.5 -200.0
0 1.0 2779.9 0.0 1000.0
0 1.0 4783.7 0.0 1000.0
evaluation 6
0 0.5 -200.0 0.5 -200.0
0 0.0 409.1 1.0 500.0
0 1.0 4315.6 0.0 100.0
evaluation 7
0 0.5 -200.0 0.5 -200.0
0 1.0 1213.5 0.0 100.0
0 1.0 2436.5 0.0 300.0
evaluation 8
0 0.0 2000.0 1.0 4200.0
0 0.0 933.9 1.0 1000.0
0 1.0 4382.4 0.0 900.0
evaluation 9
0 0.0 2000.0 1.0 4200.0
0 0.0 1254.4 1.0 1700.0
0 1.0 7396.2 0.0 1500.0
evaluation 10
0 0.5 1800.0 0.5 1800.0
0 1.0 2205.7 0.0 1900.0
0 1.0 3097.8 0.0 2300.0
evaluation 11
0 0.5 1800.0 0.5 1800.0
0 1.0 3722.0 0.0 1900.0
0 1.0 4910.0 0.0 1900.0
evaluation 12
0 0.5 1800.0 0.5 1800.0
0 1.0 4094.4 0.0 1600.0
0 1.0 3904.8 0.0 1800.0
evaluation 13
0 0.5 1800.0 0.5 1800.0
0 1.0 2601.3 0.0 1900.0
0 1.0 2996.5 0.0 1400.0
evaluation 14
0 0.5 1800.0 0.5 1800.0
0 1.0 1694.6 0.0 700.0
0 1.0 6018.3 0.0 2000.0
evaluation 15
0 0.5 1800.0 0.5 1800.0
0 1.0 3180.8 0.0 1500.0
0 1.0 7111.6 0.0 1600.0
evaluation 16
0 0.5 1800.0 0.5 1800.0
0 1.0 3185.6 0.0 1700.0
0 1.0 7398.7 0.0 2300.0
evaluation 17
0 0.5 1800.0 0.5 1800.0
0 1.0 1983.5 0.0 1700.0
0 1.0 2701.6 0.0 2200.0
evaluation 18
0 1.0 1200.0 0.0 373.0
0 0.0 1388.9 1.0 1864.3
0 1.0 2392.8 0.0 0.0
evaluation 19
0 1.0 1500.0 0.0 566.2
0 0.0 1704.7 1.0 2763.2
0 1.0 3820.0 0.0 0.0
evaluation 20
0 0.5 1200.0 0.5 1200.0
0 1.0 4006.6 0.0 1900.0
0 1.0 3780.5 0.0 1400.0
evaluation 21
0 0.5 1200.0 0.5 1200.0
0 1.0 2986.3 0.0 1500.0
0 1.0 3708.0 0.0 2100.0
evaluation 22
0 0.5 1200.0 0.5 1200.0
0 1.0 2405.9 0.0 2100.0
0 1.0 6011.4 0.0 1600.0
evaluation 23
0 0.5 1200.0 0.5 1200.0
0 1.0 3388.1 0.0 1900.0
0 1.0 4500.1 0.0 1800.0
evaluation 24
0 0.5 1200.0 0.5 1200.0
0 1.0 2188.6 0.0 1500.0
0 1.0 5686.0 0.0 1100.0
evaluation 25
0 0.5 1200.0 0.5 1200.0
0 1.0 2862.9 0.0 1700.0
0 1.0 2705.5 0.0 1400.0
evaluation 26
0 0.5 1200.0 0.5 1200.0
0 1.0 2891.7 0.0 2400.0
0 1.0 5098.3 0.0 2100.0
evaluation 27
0 0.5 1200.0 0.5 1200.0
0 1.0 2392.0 0.0 1300.0
0 1.0 3787.7 0.0 1900.0
evaluation 28
0 0.5 1200.0 0.5 1200.0
0 1.0 3379.9 0.0 2100.0
0 1.0 3685.7 0.0 1600.0
evaluation 29
0 0.5 600.0 0.5 600.0
0 1.0 1515.5 0.0 1300.0
0 1.0 3397.1 0.0 1700.0
evaluation 30
0 0.5 600.0 0.5 600.0
0 1.0 2387.5 0.0 1500.0
0 1.0 4592.9 0.0 2100.0
evaluation 31
0 0.5 1500.0 0.5 1500.0
0 1.0 2792.6 0.0 1000.0
0 1.0 1992.5 0.0 1300.0
evaluation 32
0 0.5 1500.0 0.5 1500.0
0 1.0 3695.1 0.0 1300.0
0 1.0 4591.9 0.0 1500.0
evaluation 33
0 0.5 1500.0 0.5 1500.0
0 1.0 1684.6 0.0 1400.0
0 1.0 2889.8 0.0 1200.0
evaluation 34
0 0.5 1500.0 0.5 1500.0
0 1.0 1988.6 0.0 1800.0
0 1.0 3717.3 0.0 1500.0
evaluation 35
0 0.5 1500.0 0.5 1500.0
0 1.0 2480.8 0.0 2100.0
0 1.0 7406.2 0.0 1600.0
evaluation 36
0 0.5 1500.0 0.5 1500.0
0 0.0 1590.7 1.0 1700.0
0 1.0 3496.7 0.0 1100.0
evaluation 37
0 0.5 1200.0 0.5 1200.0
0 1.0 2093.4 0.0 1800.0
0 0.0 1018.5 1.0 1600.0
evaluation 38
0 0.5 1200.0 0.5 1200.0
0 1.0 4152.0 0.0 2000.0
0 1.0 2374.8 0.0 1200.0
evaluation 39
0 0.5 1200.0 0.5 1200.0
0 1.0 4186.9 0.0 1800.0
0 1.0 1791.7 0.0 1600.0
evaluation 40
0 0.5 1200.0 0.5 1200.0
0 0.0 1147.6 1.0 1800.0
0 1.0 5416.4 0.0 1900.0
evaluation 41
0 0.5 1200.0 0.5 1200.0
0 0.0 1100.0 1.0 1300.0
0 0.0 910.0 1.0 1500.0
evaluation 42
0 0.5 1300.0 0.5 1300.0
0 1.0 3300.0 0.0 1500.0
0 1.0 7530.0 0.0 1600.0
evaluation 43
0 0.5 1300.0 0.5 1300.0
0 1.0 6110.0 0.0 2410.0
0 1.0 2800.0 0.0 1100.0
evaluation 44
0 0.5 1300.0 0.5 1300.0
0 1.0 2510.0 0.0 2100.0
0 1.0 7830.0 0.0 2200.0
evaluation 45
0 0.5 700.0 0.5 700.0
0 1.0 3500.0 0.0 1500.0
0 1.0 3210.0 0.0 1400.0
evaluation 46
0 1.0 610.0 0.0 600.0
0 0.0 710.0 1.0 910.0
0 1.0 2320.0 0.0 500.0
evaluation 47
0 0.5 800.0 0.5 800.0
0 1.0 2010.0 0.0 700.0
0 1.0 1320.0 0.0 700.0
evaluation 48
0 0.5 1000.0 0.5 1000.0
0 0.0 810.0 1.0 1300.0
0 1.0 3410.0 0.0 1300.0
evaluation 49
0 0.5 1500.0 0.5 1500.0
0 1.0 3410.0 0.0 1600.0
0 1.0 6210.0 0.0 1400.0
evaluation 50
0 0.5 2000.0 0.5 2000.0
0 1.0 2510.0 0.0 1900.0
0 1.0 3800.0 0.0 2000.0
evaluation 51
0 0.5 2000.0 0.5 2000.0
0 1.0 3210.0 0.0 2000.0
0 1.0 4000.0 0.0 1300.0
evaluation 52
0 0.5 2000.0 0.5 2000.0
0 1.0 3920.0 0.0 1800.0
0 1.0 4000.0 0.0 3100.0
evaluation 53
0 0.5 2000.0 0.5 2000.0
0 1.0 5520.0 0.0 2400.0
0 1.0 6510.0 0.0 1500.0
evaluation 54
0 0.0 2300.0 1.0 4720.0
0 1.0 6110.0 0.0 4000.0
0 0.0 5600.0 1.0 5610.0
evaluation 55
0 0.0 2000.0 1.0 2410.0
0 1.0 4410.0 0.0 2500.0
0 1.0 5210.0 0.0 2500.0
evaluation 56
0 0.5 2000.0 0.5 2000.0
0 1.0 2910.0 0.0 2400.0
0 1.0 5120.0 0.0 1700.0
evaluation 57
0 0.5 2000.0 0.5 2000.0
0 1.0 3100.0 0.0 1800.0
0 1.0 8730.0 0.0 2500.0
evaluation 58
0 0.5 2000.0 0.5 2000.0
0 1.0 3267.4 0.0 2010.0
0 1.0 4262.8 0.0 1800.0
evaluation 59
0 0.5 2000.0 0.5 2000.0
0 1.0 4600.0 0.0 2600.0
0 1.0 2787.6 0.0 900.0
evaluation 60
0 0.5 2000.0 0.5 2000.0
0 0.0 1141.2 1.0 1800.0
0 1.0 6411.6 0.0 1600.0
evaluation 61
0 0.5 1800.0 0.5 1800.0
0 0.0 1150.2 1.0 1600.0
0 1.0 1585.0 0.0 1500.0
evaluation 62
0 0.5 1800.0 0.5 1800.0
0 0.0 1500.8 1.0 1600.0
0 1.0 6791.2 0.0 1400.0
evaluation 63
0 0.5 1700.0 0.5 1700.0
0 1.0 2265.2 0.0 1500.0
0 1.0 3293.2 0.0 1200.0
evaluation 64
0 0.5 1700.0 0.5 1700.0
0 1.0 3209.2 0.0 900.0
0 1.0 4910.0 0.0 1200.0
evaluation 65
0 0.5 1700.0 0.5 1700.0
0 1.0 2190.8 0.0 800.0
0 1.0 3400.6 0.0 1400.0
evaluation 66
0 0.5 1700.0 0.5 1700.0
0 1.0 2194.8 0.0 2100.0
0 1.0 3797.0 0.0 1000.0
evaluation 67
0 0.5 1700.0 0.5 1700.0
0 1.0 2881.0 0.0 1400.0
0 1.0 4691.6 0.0 1700.0
evaluation 68
0 0.5 1700.0 0.5 1700.0
0 1.0 2003.8 0.0 1100.0
0 1.0 4798.4 0.0 1700.0
evaluation 69
0 0.5 1700.0 0.5 1700.0
0 0.0 1482.8 1.0 1500.0
0 1.0 2409.6 0.0 1100.0
evaluation 70
0 0.5 3400.0 0.5 3400.0
0 1.0 7191.6 0.0 3300.0
0 1.0 8802.0 0.0 2500.0
evaluation 71
0 0.0 3200.0 1.0 3800.0
0 1.0 4327.6 0.0 3100.0
0 1.0 8249.8 0.0 2400.0
evaluation 72
0 0.0 3200.0 1.0 3800.0
0 1.0 7020.8 0.0 3500.0
0 1.0 9742.8 0.0 5000.0
evaluation 73
0 0.0 3200.0 1.0 3800.0
0 1.0 5583.4 0.0 3200.0
0 1.0 10824.4 0.0 3700.0
evaluation 74
0 0.5 2000.0 0.5 2000.0
0 1.0 6296.6 0.0 1800.0
0 1.0 10158.8 0.0 2800.0
evaluation 75
0 0.5 2000.0 0.5 2000.0
0 1.0 1285.8 0.0 1000.0
0 1.0 6134.2 0.0 1300.0
evaluation 76
0 0.5 2000.0 0.5 2000.0
0 1.0 3077.0 0.0 1200.0
0 1.0 4290.0 0.0 1800.0
evaluation 77
0 0.5 2000.0 0.5 2000.0
0 1.0 5356.6 0.0 1700.0
0 1.0 4392.0 0.0 1200.0
evaluation 78
0 0.0 1000.4 1.0 2800.0
0 0.0 911.8 1.0 2000.0
0 1.0 4957.6 0.0 2000.0
evaluation 79
0 0.0 2200.4 1.0 4000.0
0 1.0 1543.2 0.0 800.0
0 1.0 5164.2 0.0 1900.0
evaluation 80
0 0.0 1700.4 1.0 3261.0
0 0.0 3934.6 1.0 6949.2
0 1.0 17354.4 0.0 5033.6
evaluation 81
0 0.0 400.4 1.0 7571.2
0 1.0 2344.6 0.0 2170.8
0 1.0 9075.0 0.0 3357.4
evaluation 82
0 0.0 1200.4 1.0 3748.4
0 0.0 4939.8 1.0 6249.6
0 1.0 6054.8 0.0 4649.2
evaluation 83
0 0.0 2000.0 1.0 8466.6
0 1.0 2732.4 0.0 2545.4
0 1.0 12690.2 0.0 342.0
evaluation 84
0 0.0 1700.4 1.0 2335.8
0 1.0 4334.4 0.0 3663.4
0 1.0 7753.0 0.0 3245.6
evaluation 85
0 0.0 1000.4 1.0 4636.0
0 0.0 4522.6 1.0 5043.8
0 1.0 5863.8 0.0 3546.0
evaluation 86
0 0.0 2200.4 1.0 7553.4
0 1.0 6224.0 0.0 5944.2
0 1.0 5863.2 0.0 5147.2
evaluation 87
0 1.0 2000.4 0.0 751.8
0 0.0 2631.2 1.0 3468.0
0 1.0 13659.4 0.0 3041.8
evaluation 88
0 0.0 1400.4 1.0 7064.4
0 0.0 2528.2 1.0 8458.4
0 0.0 2315.2 1.0 3548.0
evaluation 89
0 0.0 1700.4 1.0 14349.4
0 0.0 2353.2 1.0 3767.4
0 0.0 3119.4 1.0 4872.4
evaluation 90
0 0.0 2000.4 1.0 12179.6
0 0.0 3958.6 1.0 5242.0
0 0.0 3124.8 1.0 8466.4
evaluation 91
0 0.0 1500.4 1.0 14586.2
0 0.0 3942.2 1.0 6375.8
0 0.0 4325.8 1.0 8569.4
evaluation 92
0 0.0 900.4 1.0 10169.6
0 0.0 2597.4 1.0 5168.0
0 0.0 2001.0 1.0 3765.8
evaluation 93
0 0.0 1600.4 1.0 11993.4
0 0.0 7710.4 1.0 12959.4
0 0.0 2944.6 1.0 8388.4
evaluation 94
0 0.0 900.4 1.0 10563.8
0 1.0 7848.2 0.0 3685.8
0 0.0 5347.8 1.0 8876.2
evaluation 95
0 0.0 1600.4 1.0 4565.4
0 0.0 2340.2 1.0 4179.4
0 0.0 3644.8 1.0 5384.8
evaluation 96
0 0.0 2000.4 1.0 14552.4
0 1.0 5756.2 0.0 5173.4
0 0.0 6153.2 1.0 9873.0
evaluation 97
0 0.0 2000.0 1.0 10370.0
0 1.0 4745.4 0.0 3571.6
0 0.0 939.8 1.0 6483.0
evaluation 98
0 0.0 1800.0 1.0 11093.6
0 0.0 2157.0 1.0 12166.6
0 1.0 3380.0 0.0 3065.6
evaluation 99
0 0.0 1600.0 1.0 8895.8
0 0.0 1533.0 1.0 7791.2
0 0.0 5327.8 1.0 6264.6
0 0.0 3200.0 1.0 3800.0
0 1.0 7985.8 0.0 2800.0
0 1.0 8729.8 0.0 3300.0
2832299 ms elapsed
Best solution first found at eval: 84
Best solution: [6, 6, 4, 80, 4, 1, 1, 0, 0, 0, 0, 1, 1, 1, 1, 0, 0, 1, 0, 1, 1, 50, 3, 2, 20, 10, 2, 500, 200, 3]
Best fitness: 121.61199999999985
Final solution: [6, 3, 4, 140, 4, 1, 1, 0, 0, 0, 0, 0, 1, 1, 1, 0, 0, 1, 0, 1, 1, 50, 3, 2, 0, 30, 2, 500, 200, 0]
Final fitness: 2.4400000000000546
Number of visits to optimal: 0
Total number of evaluations: 101

evaluation 0
0 1.0 300.0 0.0 -48.6
0 0.0 -77.5 1.0 3754.1
0 1.0 3534.8 0.0 -72.10000000000001
evaluation 1
0 0.0 1500.0 1.0 5161.1
0 0.0 2535.4 1.0 2631.1
0 0.0 3943.1 1.0 4258.6
evaluation 2
0 0.0 100.0 1.0 4752.5
0 0.0 1637.4 1.0 4146.9
0 0.0 939.8 1.0 1945.7
evaluation 3
0 1.0 0.0 0.0 -68.3
0 0.0 -79.5 1.0 4841.5
0 1.0 4019.8 0.0 1833.5
evaluation 4
0 1.0 300.0 0.0 -33.300000000000004
0 0.0 -28.1 1.0 8574.2
0 0.0 -26.1 1.0 3379.8
evaluation 5
0 1.0 1400.0 0.0 865.9
0 0.0 379.6 1.0 3396.5
0 1.0 4366.4 0.0 2293.0
evaluation 6
0 0.5 0.0 0.5 0.0
0 1.0 3420.0 0.0 610.0
0 0.0 10.0 1.0 5310.0
evaluation 7
0 0.0 800.0 1.0 5800.0
0 1.0 500.0 0.0 0.0
0 0.0 3200.0 1.0 4820.0
evaluation 8
0 0.0 7400.0 1.0 18765.5
0 0.0 2647.8 1.0 8239.5
0 0.0 12984.3 1.0 18522.0
evaluation 9
0 0.0 10700.0 1.0 15716.8
0 0.0 1660.6 1.0 6680.3
0 0.0 8257.4 1.0 8840.7
evaluation 10
0 0.0 10800.0 1.0 15511.8
0 0.0 8921.4 1.0 15728.5
0 0.0 4089.9 1.0 9216.5
evaluation 11
0 0.0 3800.0 1.0 7843.5
0 0.0 -204.20000000000002 1.0 3947.9
0 0.0 15178.6 1.0 20160.5
evaluation 12
0 0.0 9000.0 1.0 12249.1
0 1.0 6983.9 0.0 3445.0
0 0.0 14794.8 1.0 17235.3
evaluation 13
0 0.0 9600.0 1.0 15390.0
0 1.0 15918.9 0.0 14980.4
0 1.0 6577.1 0.0 3880.0
evaluation 14
0 0.0 10000.0 1.0 20896.3
0 1.0 7070.1 0.0 6812.8
0 1.0 17467.0 0.0 15287.9
evaluation 15
0 0.0 -2700.0 1.0 -2506.2999999999997
0 1.0 10895.0 0.0 5693.700000000001
0 1.0 16326.8 0.0 8793.7
evaluation 16
0 0.0 -2700.0 1.0 -2606.2999999999997
0 1.0 3059.4 0.0 -206.29999999999973
0 1.0 7504.0 0.0 2993.7000000000003
evaluation 17
0 0.0 -2700.0 1.0 -2606.2999999999997
0 0.0 -1209.3999999999999 1.0 -196.29999999999973
0 1.0 1019.1000000000001 0.0 -806.2999999999997
evaluation 18
0 0.0 -2700.0 1.0 -2616.1
0 1.0 2793.8 0.0 2583.9
0 1.0 1306.8000000000002 0.0 -116.09999999999991
evaluation 19
0 0.0 -2700.0 1.0 -2616.1
0 1.0 4819.2 0.0 3993.9
0 1.0 1812.2 0.0 -916.0999999999999
evaluation 20
0 1.0 -1400.0 0.0 -2800.0
0 1.0 806.1000000000001 0.0 -600.0
0 1.0 1961.4 0.0 -2000.0
evaluation 21
0 1.0 -1400.0 0.0 -2800.0
0 1.0 -1282.3999999999999 0.0 -2300.0
0 1.0 1913.3000000000002 0.0 -1100.0
evaluation 22
0 0.5 -2800.0 0.5 -2800.0
0 1.0 -1125.8 0.0 -1400.0
0 1.0 -816.3999999999999 0.0 -1000.0
evaluation 23
0 0.5 -2800.0 0.5 -2800.0
0 0.0 -1342.0 1.0 -100.0
0 1.0 -1249.3 0.0 -1900.0
evaluation 24
0 0.5 -2800.0 0.5 -2800.0
0 1.0 -1370.6 0.0 -2800.0
0 1.0 1480.0 0.0 -600.0
evaluation 25
0 1.0 -1400.0 0.0 -2800.0
0 1.0 -1168.8 0.0 -2800.0
0 1.0 559.1000000000001 0.0 -800.0
evaluation 26
0 1.0 -1400.0 0.0 -2800.0
0 1.0 -327.5 0.0 -2300.0
0 1.0 786.2 0.0 -2800.0
evaluation 27
0 1.0 -1400.0 0.0 -2790.0
0 1.0 -466.6999999999998 0.0 -2100.0
0 1.0 -538.4999999999999 0.0 -900.0
evaluation 28
0 0.0 -1398.6 1.0 0.0
0 0.0 458.30000000000007 1.0 1000.0
0 0.0 37.700000000000045 1.0 1100.0
evaluation 29
0 0.0 -1198.6 1.0 1600.0
0 0.0 193.60000000000002 1.0 900.0
0 0.0 892.1 1.0 1110.0
evaluation 30
0 0.0 -1198.6 1.0 1600.0
0 0.0 -202.29999999999995 1.0 900.0
0 1.0 3590.9 0.0 800.0
evaluation 31
0 0.0 -1399.3 1.0 400.0
0 1.0 2592.8 0.0 700.0
0 0.0 -291.5999999999999 1.0 1300.0
evaluation 32
0 0.0 -1399.3 1.0 400.0
0 0.0 528.4000000000001 1.0 910.0
0 0.0 615.9000000000001 1.0 900.0
evaluation 33
0 0.0 -998.8 1.0 1600.0
0 1.0 1760.4 0.0 900.0
0 1.0 2392.2 0.0 1400.0
evaluation 34
0 0.5 600.0 0.5 600.0
0 1.0 1239.2 0.0 700.0
0 1.0 4975.6 0.0 1000.0
evaluation 35
0 0.5 600.0 0.5 600.0
0 1.0 2411.2 0.0 1300.0
0 1.0 4205.6 0.0 600.0
evaluation 36
0 0.5 400.0 0.5 400.0
0 0.0 100.40000000000003 1.0 1500.0
0 1.0 3795.6 0.0 1400.0
evaluation 37
0 0.5 400.0 0.5 400.0
0 0.0 102.79999999999995 1.0 900.0
0 1.0 1028.8 0.0 900.0
evaluation 38
0 0.0 1200.0 1.0 1500.0
0 0.0 822.4 1.0 1300.0
0 1.0 4364.8 0.0 1900.0
evaluation 39
0 0.0 1200.0 1.0 1500.0
0 0.0 1089.6 1.0 1500.0
0 1.0 3235.2 0.0 1500.0
evaluation 40
0 0.5 600.0 0.5 600.0
0 1.0 4385.2 0.0 1500.0
0 1.0 5954.4 0.0 1600.0
evaluation 41
0 0.5 600.0 0.5 600.0
0 0.0 1060.4 1.0 1300.0
0 1.0 6778.8 0.0 1200.0
evaluation 42
0 0.5 2000.0 0.5 2000.0
0 0.0 1333.6 1.0 1500.0
0 1.0 5893.6 0.0 1400.0
evaluation 43
0 0.5 2000.0 0.5 2000.0
0 1.0 3522.4 0.0 2400.0
0 1.0 6602.8 0.0 2900.0
evaluation 44
0 0.0 2000.0 1.0 3000.0
0 1.0 5468.0 0.0 3200.0
0 1.0 8552.4 0.0 2300.0
evaluation 45
0 0.5 3000.0 0.5 3000.0
0 1.0 4147.6 0.0 3700.0
0 1.0 7126.0 0.0 3400.0
evaluation 46
0 0.5 3000.0 0.5 3000.0
0 1.0 4524.4 0.0 3300.0
0 1.0 8422.4 0.0 3100.0
evaluation 47
0 0.5 0.0 0.5 0.0
0 1.0 3349.5 0.0 2000.0
0 1.0 2143.9 0.0 1100.0
evaluation 48
0 0.5 0.0 0.5 0.0
0 1.0 2622.9 0.0 0.0
0 1.0 3567.4 0.0 0.0
evaluation 49
0 0.5 0.0 0.5 0.0
0 1.0 3962.4 0.0 0.0
0 1.0 3554.1 0.0 0.0
evaluation 50
0 1.0 2000.0 0.0 0.0
0 1.0 5654.6 0.0 0.0
0 1.0 4069.8 0.0 0.0
evaluation 51
0 1.0 2000.0 0.0 0.0
0 1.0 5359.0 0.0 0.0
0 1.0 6483.4 0.0 0.0
evaluation 52
0 1.0 2000.0 0.0 0.0
0 1.0 3940.6 0.0 0.0
0 1.0 3858.9 0.0 0.0
evaluation 53
0 1.0 2000.0 0.0 0.0
0 1.0 5258.4 0.0 0.0
0 1.0 5777.0 0.0 0.0
evaluation 54
0 1.0 2000.0 0.0 0.0
0 1.0 6566.0 0.0 0.0
0 1.0 7048.2 0.0 0.0
evaluation 55
0 1.0 2000.0 0.0 0.0
0 1.0 6920.0 0.0 0.0
0 1.0 6000.0 0.0 0.0
evaluation 56
0 1.0 2000.0 0.0 0.0
0 1.0 4353.0 0.0 0.0
0 1.0 7595.6 0.0 0.0
evaluation 57
0 0.0 2700.0 1.0 3463.0
0 1.0 7770.6 0.0 5877.2
0 1.0 6487.4 0.0 6367.8
evaluation 58
0 0.0 3100.0 1.0 4361.6
0 1.0 6583.8 0.0 5464.8
0 0.0 4079.6 1.0 5471.8
evaluation 59
0 0.0 3100.0 1.0 6186.8
0 0.0 6459.8 1.0 6767.8
0 1.0 4876.4 0.0 4474.4
evaluation 60
0 0.0 3300.0 1.0 6140.8
0 0.0 5346.4 1.0 5664.0
0 0.0 2849.2 1.0 4432.4
evaluation 61
0 0.0 3100.0 1.0 7205.6
0 1.0 9496.4 0.0 6175.2
0 0.0 4693.6 1.0 5700.8
evaluation 62
0 0.0 3200.0 1.0 3979.6
0 1.0 5299.0 0.0 3384.8
0 1.0 8296.8 0.0 8286.6
evaluation 63
0 1.0 4100.0 0.0 4074.2
0 0.0 5864.0 1.0 8777.0
0 0.0 5979.6 1.0 6492.6
evaluation 64
0 1.0 2000.0 0.0 0.0
0 1.0 5191.6 0.0 0.0
0 1.0 5789.6 0.0 0.0
evaluation 65
0 1.0 1900.0 0.0 0.0
0 1.0 3993.6 0.0 0.0
0 1.0 5295.0 0.0 0.0
evaluation 66
0 1.0 1900.0 0.0 0.0
0 1.0 3372.8 0.0 0.0
0 1.0 2869.4 0.0 0.0
evaluation 67
0 1.0 2100.0 0.0 0.0
0 1.0 3883.4 0.0 0.0
0 1.0 2382.4 0.0 0.0
evaluation 68
0 1.0 2100.0 0.0 0.0
0 1.0 2164.6 0.0 0.0
0 1.0 4521.6 0.0 0.0
evaluation 69
0 1.0 2100.0 0.0 0.0
0 1.0 6004.4 0.0 0.0
0 1.0 2811.0 0.0 0.0
evaluation 70
0 1.0 2100.0 0.0 0.0
0 1.0 6692.0 0.0 0.0
0 1.0 4200.8 0.0 0.0
evaluation 71
0 1.0 2100.0 0.0 0.0
0 1.0 4905.3 0.0 0.0
0 1.0 2907.0 0.0 0.0
evaluation 72
0 1.0 1500.0 0.0 -1200.0
0 1.0 2474.1 0.0 -1200.0
0 1.0 3535.8 0.0 -1200.0
evaluation 73
0 1.0 2100.0 0.0 -1200.0
0 1.0 3110.9 0.0 -1200.0
0 1.0 4083.6 0.0 -1200.0
evaluation 74
0 1.0 2100.0 0.0 0.0
0 1.0 6634.9 0.0 0.0
0 1.0 2201.1 0.0 0.0
evaluation 75
0 1.0 2100.0 0.0 -1200.0
0 1.0 6871.1 0.0 -1200.0
0 1.0 7805.6 0.0 -1200.0
evaluation 76
0 1.0 1500.0 0.0 -1200.0
0 1.0 3909.1 0.0 -1200.0
0 1.0 3205.0 0.0 -1200.0
evaluation 77
0 1.0 700.0 0.0 -1200.0
0 1.0 3913.7 0.0 -1200.0
0 1.0 4435.1 0.0 -1200.0
evaluation 78
0 1.0 100.0 0.0 -1200.0
0 1.0 488.3 0.0 -1200.0
0 1.0 4515.6 0.0 -1200.0
evaluation 79
0 1.0 700.0 0.0 0.0
0 1.0 102.30000000000001 0.0 0.0
0 1.0 521.7 0.0 0.0
evaluation 80
0 1.0 100.0 0.0 -1200.0
0 1.0 2611.0 0.0 -1200.0
0 1.0 280.8 0.0 -1200.0
evaluation 81
0 1.0 1400.0 0.0 -1200.0
0 1.0 684.0 0.0 -1200.0
0 1.0 5444.1 0.0 -1200.0
evaluation 82
0 1.0 1400.0 0.0 -1200.0
0 1.0 4114.3 0.0 -1200.0
0 1.0 5383.5 0.0 -1200.0
evaluation 83
0 1.0 1400.0 0.0 -1200.0
0 1.0 2768.2 0.0 -1200.0
0 1.0 1733.7 0.0 -1200.0
evaluation 84
0 1.0 2000.0 0.0 0.0
0 1.0 1258.5 0.0 0.0
0 1.0 3425.2 0.0 0.0
evaluation 85
0 1.0 2000.0 0.0 0.0
0 1.0 2429.5 0.0 0.0
0 1.0 2439.7 0.0 0.0
evaluation 86
0 0.5 2000.0 0.5 2000.0
0 0.0 180.60000000000002 1.0 1000.0
0 1.0 4123.9 0.0 700.0
evaluation 87
0 0.5 2000.0 0.5 2000.0
0 1.0 2630.9 0.0 1200.0
0 1.0 4413.9 0.0 2000.0
evaluation 88
0 0.5 2000.0 0.5 2000.0
0 1.0 2053.6 0.0 1900.0
0 1.0 5331.1 0.0 1600.0
evaluation 89
0 0.5 2000.0 0.5 2000.0
0 0.0 1533.8 1.0 1600.0
0 1.0 4131.1 0.0 1700.0
evaluation 90
0 0.5 2000.0 0.5 2000.0
0 0.0 2094.8 1.0 2200.0
0 1.0 2800.3 0.0 1700.0
evaluation 91
0 0.0 1100.0 1.0 1410.0
0 1.0 2083.6 0.0 1800.0
0 1.0 3223.8 0.0 2000.0
evaluation 92
0 0.5 1300.0 0.5 1300.0
0 1.0 3706.7 0.0 1500.0
0 1.0 8293.7 0.0 2800.0
evaluation 93
0 0.5 1300.0 0.5 1300.0
0 1.0 4177.9 0.0 2000.0
0 1.0 3014.5 0.0 2500.0
evaluation 94
0 0.5 900.0 0.5 900.0
0 0.0 1909.1 1.0 2200.0
0 1.0 2980.2 0.0 2700.0
evaluation 95
0 0.5 1300.0 0.5 1300.0
0 1.0 4466.8 0.0 3300.0
0 1.0 4705.5 0.0 4200.0
evaluation 96
0 0.5 700.0 0.5 700.0
0 1.0 4255.4 0.0 2400.0
0 1.0 4905.8 0.0 4100.0
evaluation 97
0 0.5 4700.0 0.5 4700.0
0 1.0 6481.4 0.0 4300.0
0 1.0 8285.4 0.0 5300.0
evaluation 98
0 0.5 4700.0 0.5 4700.0
0 1.0 8560.3 0.0 4800.0
0 1.0 9246.7 0.0 5200.0
evaluation 99
0 0.5 4700.0 0.5 4700.0
0 1.0 6717.2 0.0 6100.0
0 1.0 6930.5 0.0 5500.0
0 1.0 700.0 0.0 -1200.0
0 1.0 1849.8 0.0 -1200.0
0 1.0 2771.2 0.0 -1200.0
3713326 ms elapsed
Best solution first found at eval: 47
Best solution: [10, 9, 8, 80, 3, 1, 0, 0, 0, 1, 1, 1, 1, 0, 0, 1, 1, 0, 0, 1, 0, 50, 0, 8, 0, 40, 1, 500, 250, 0]
Best fitness: 40.98000000000002
Final solution: [4, 1, 8, 100, 3, 1, 0, 0, 0, 0, 1, 1, 1, 0, 0, 1, 1, 0, 0, 1, 0, 150, 0, 3, 0, 10, 1, 500, 250, 1]
Final fitness: 9.213999999999942
Number of visits to optimal: 0
Total number of evaluations: 101

evaluation 0
0 1.0 2300.0 0.0 1508.0
0 0.0 166.79999999999995 1.0 2397.6
0 1.0 2250.0 0.0 0.0
evaluation 1
0 1.0 0.0 0.0 -142.0
0 0.0 -472.0 1.0 830.3999999999999
0 0.0 -398.40000000000003 1.0 0.0
evaluation 2
0 1.0 0.0 0.0 -875.6
0 1.0 206.0 0.0 -576.0
0 1.0 475.19999999999993 0.0 0.0
evaluation 3
0 1.0 0.0 0.0 -768.0
0 1.0 2028.8 0.0 19.600000000000023
0 0.0 -352.8 1.0 0.0
evaluation 4
0 1.0 0.0 0.0 -710.0
0 1.0 4301.4 0.0 1216.2
0 1.0 1652.8 0.0 0.0
evaluation 5
0 1.0 0.0 0.0 -512.6
0 1.0 486.2 0.0 82.80000000000007
0 0.0 -230.6 1.0 0.0
evaluation 6
0 0.0 0.0 1.0 1200.0
0 0.0 700.0 1.0 1200.0
0 1.0 2110.0 0.0 0.0
evaluation 7
0 0.0 0.0 1.0 2300.0
0 0.0 810.0 1.0 2800.0
0 1.0 2720.0 0.0 0.0
evaluation 8
0 0.0 0.0 1.0 2100.0
0 1.0 2800.0 0.0 1500.0
0 0.5 0.0 0.5 0.0
evaluation 9
0 0.5 0.0 0.5 0.0
0 0.0 720.0 1.0 900.0
0 1.0 10.0 0.0 0.0
evaluation 10
0 0.5 0.0 0.5 0.0
0 0.0 330.0 1.0 2300.0
0 1.0 3710.0 0.0 0.0
evaluation 11
0 0.0 0.0 1.0 3610.0
0 0.0 1720.0 1.0 2700.0
0 1.0 5010.0 0.0 0.0
evaluation 12
0 0.0 0.0 1.0 700.0
0 1.0 1120.0 0.0 1100.0
0 0.5 0.0 0.5 0.0
evaluation 13
0 0.5 0.0 0.5 0.0
0 1.0 3310.0 0.0 0.0
0 1.0 1600.0 0.0 0.0
evaluation 14
0 0.5 0.0 0.5 0.0
0 1.0 2610.0 0.0 0.0
0 1.0 7110.0 0.0 0.0
evaluation 15
0 0.5 0.0 0.5 0.0
0 1.0 3310.0 0.0 0.0
0 1.0 6810.0 0.0 0.0
evaluation 16
0 0.5 0.0 0.5 0.0
0 1.0 1600.0 0.0 0.0
0 1.0 8740.0 0.0 0.0
evaluation 17
0 0.5 0.0 0.5 0.0
0 1.0 1430.0 0.0 0.0
0 1.0 420.0 0.0 0.0
evaluation 18
0 0.5 0.0 0.5 0.0
0 1.0 2840.0 0.0 0.0
0 1.0 1400.0 0.0 0.0
evaluation 19
0 0.0 0.0 1.0 10.0
0 1.0 1820.0 0.0 0.0
0 1.0 1410.0 0.0 0.0
evaluation 20
0 0.5 0.0 0.5 0.0
0 1.0 1010.0 0.0 0.0
0 1.0 2700.0 0.0 0.0
evaluation 21
0 0.5 0.0 0.5 0.0
0 1.0 2730.0 0.0 0.0
0 1.0 1000.0 0.0 0.0
evaluation 22
0 0.5 0.0 0.5 0.0
0 1.0 500.0 0.0 0.0
0 1.0 1500.0 0.0 0.0
evaluation 23
0 0.5 0.0 0.5 0.0
0 1.0 1400.0 0.0 10.0
0 1.0 4110.0 0.0 0.0
evaluation 24
0 0.5 -200.0 0.5 -200.0
0 1.0 1219.1 0.0 -200.0
0 1.0 3232.6 0.0 -200.0
evaluation 25
0 1.0 2500.0 0.0 -200.0
0 1.0 2950.2 0.0 -200.0
0 1.0 7041.0 0.0 -200.0
evaluation 26
0 1.0 600.0 0.0 0.0
0 1.0 2225.0 0.0 0.0
0 1.0 7844.1 0.0 0.0
evaluation 27
0 1.0 600.0 0.0 0.0
0 1.0 198.1 0.0 0.0
0 1.0 6008.4 0.0 0.0
evaluation 28
0 1.0 600.0 0.0 0.0
0 1.0 3766.5 0.0 0.0
0 1.0 3776.2 0.0 0.0
evaluation 29
0 1.0 600.0 0.0 0.0
0 1.0 3983.8 0.0 0.0
0 1.0 3413.9 0.0 0.0
evaluation 30
0 1.0 2000.0 0.0 0.0
0 1.0 602.4 0.0 0.0
0 1.0 7642.4 0.0 0.0
evaluation 31
0 1.0 900.0 0.0 0.0
0 1.0 2391.5 0.0 0.0
0 1.0 2933.5 0.0 0.0
evaluation 32
0 1.0 400.0 0.0 0.0
0 1.0 3042.6 0.0 0.0
0 1.0 1626.9 0.0 0.0
evaluation 33
0 1.0 600.0 0.0 0.0
0 1.0 2981.2 0.0 0.0
0 1.0 3705.0 0.0 0.0
evaluation 34
0 1.0 600.0 0.0 0.0
0 1.0 1795.8 0.0 0.0
0 1.0 2796.1 0.0 0.0
evaluation 35
0 1.0 600.0 0.0 0.0
0 1.0 586.0 0.0 0.0
0 1.0 3103.6 0.0 0.0
evaluation 36
0 1.0 1200.0 0.0 0.0
0 1.0 586.7 0.0 0.0
0 1.0 8804.8 0.0 0.0
evaluation 37
0 1.0 2800.0 0.0 0.0
0 1.0 786.1 0.0 0.0
0 1.0 4806.1 0.0 0.0
evaluation 38
0 1.0 1400.0 0.0 0.0
0 1.0 4376.8 0.0 0.0
0 1.0 5995.8 0.0 0.0
evaluation 39
0 1.0 1400.0 0.0 0.0
0 1.0 2774.3 0.0 0.0
0 1.0 2205.8 0.0 0.0
evaluation 40
0 1.0 700.0 0.0 0.0
0 1.0 671.4 0.0 0.0
0 1.0 2511.8 0.0 0.0
evaluation 41
0 1.0 700.0 0.0 0.0
0 1.0 3489.5 0.0 0.0
0 1.0 2009.1 0.0 0.0
evaluation 42
0 1.0 700.0 0.0 0.0
0 1.0 750.8 0.0 0.0
0 1.0 2084.9 0.0 0.0
evaluation 43
0 1.0 700.0 0.0 0.0
0 0.0 -74.6 1.0 0.0
0 1.0 1133.6 0.0 0.0
evaluation 44
0 0.5 0.0 0.5 0.0
0 0.0 -87.2 1.0 0.0
0 1.0 5354.2 0.0 0.0
evaluation 45
0 0.5 0.0 0.5 0.0
0 1.0 558.4 0.0 0.0
0 1.0 2952.4 0.0 0.0
evaluation 46
0 0.0 -800.0 1.0 0.0
0 0.0 -468.8 1.0 0.0
0 1.0 4585.6 0.0 0.0
evaluation 47
0 0.0 -800.0 1.0 0.0
0 1.0 842.8 0.0 0.0
0 1.0 7276.0 0.0 0.0
evaluation 48
0 0.0 -1000.0 1.0 0.0
0 1.0 2297.5 0.0 0.0
0 1.0 2365.5 0.0 0.0
evaluation 49
0 0.0 -600.0 1.0 4260.5
0 1.0 2093.5 0.0 1909.0
0 0.0 5481.5 1.0 12395.5
evaluation 50
0 0.0 200.0 1.0 2005.8
0 1.0 533.2 0.0 47.799999999999955
0 0.0 1870.6 1.0 3737.0
evaluation 51
0 0.0 -800.0 1.0 7602.1
0 0.0 163.60000000000014 1.0 1810.9
0 0.0 -71.19999999999982 1.0 4672.8
evaluation 52
0 1.0 400.0 0.0 -227.0999999999999
0 1.0 206.4000000000001 0.0 -721.0999999999999
0 0.0 2960.8 1.0 3484.5
evaluation 53
0 1.0 -500.0 0.0 -846.6999999999998
0 0.0 -1005.5999999999999 1.0 1211.0
0 1.0 4574.0 0.0 102.0
evaluation 54
0 0.0 -200.0 1.0 3143.2
0 0.0 -101.0 1.0 1782.7
0 1.0 7129.1 0.0 2398.4
evaluation 55
0 1.0 -200.0 0.0 -1400.0
0 1.0 3046.9 0.0 -1400.0
0 1.0 563.8000000000002 0.0 -1400.0
evaluation 56
0 1.0 0.0 0.0 -1400.0
0 1.0 5645.9 0.0 -1400.0
0 1.0 3360.5 0.0 -1400.0
evaluation 57
0 0.5 -1400.0 0.5 -1400.0
0 1.0 3156.4 0.0 -1400.0
0 1.0 10466.5 0.0 -1400.0
evaluation 58
0 0.5 -1400.0 0.5 -1400.0
0 1.0 5846.5 0.0 -1400.0
0 1.0 9112.5 0.0 -1400.0
evaluation 59
0 0.5 -1400.0 0.5 -1400.0
0 1.0 5834.3 0.0 -1400.0
0 1.0 9275.0 0.0 -1400.0
evaluation 60
0 0.5 -1400.0 0.5 -1400.0
0 1.0 6429.2 0.0 -1400.0
0 1.0 10134.9 0.0 -1400.0
evaluation 61
0 0.5 -1400.0 0.5 -1400.0
0 1.0 8996.6 0.0 -1400.0
0 1.0 3129.3 0.0 -1400.0
evaluation 62
0 0.5 -1400.0 0.5 -1400.0
0 1.0 2463.3 0.0 -1400.0
0 1.0 8012.7 0.0 -1400.0
evaluation 63
0 1.0 1400.0 0.0 0.0
0 1.0 2262.3 0.0 0.0
0 1.0 5734.4 0.0 0.0
evaluation 64
0 1.0 1400.0 0.0 0.0
0 1.0 2476.8 0.0 0.0
0 1.0 4902.2 0.0 0.0
evaluation 65
0 1.0 1400.0 0.0 0.0
0 1.0 4363.6 0.0 0.0
0 1.0 6394.8 0.0 0.0
evaluation 66
0 1.0 1200.0 0.0 0.0
0 1.0 169.9 0.0 0.0
0 1.0 2980.4 0.0 10.0
evaluation 67
0 1.0 1200.0 0.0 10.0
0 1.0 6405.9 0.0 0.0
0 1.0 10216.6 0.0 0.0
evaluation 68
0 1.0 1200.0 0.0 0.0
0 1.0 405.5 0.0 0.0
0 1.0 4017.8 0.0 0.0
evaluation 69
0 1.0 1500.0 0.0 0.0
0 1.0 3323.1 0.0 0.0
0 1.0 2820.0 0.0 0.0
evaluation 70
0 1.0 1500.0 0.0 0.0
0 1.0 4796.4 0.0 0.0
0 1.0 10418.1 0.0 0.0
evaluation 71
0 1.0 1500.0 0.0 0.0
0 1.0 3805.3 0.0 0.0
0 1.0 14917.5 0.0 0.0
evaluation 72
0 1.0 1500.0 0.0 0.0
0 1.0 5905.0 0.0 0.0
0 1.0 9917.5 0.0 0.0
evaluation 73
0 1.0 1500.0 0.0 0.0
0 1.0 7008.7 0.0 0.0
0 1.0 898.7 0.0 0.0
evaluation 74
0 1.0 1500.0 0.0 0.0
0 1.0 997.4 0.0 0.0
0 1.0 7515.4 0.0 0.0
evaluation 75
0 1.0 1500.0 0.0 0.0
0 1.0 3603.7 0.0 0.0
0 1.0 7793.0 0.0 0.0
evaluation 76
0 1.0 1500.0 0.0 0.0
0 1.0 10694.9 0.0 0.0
0 1.0 8210.8 0.0 0.0
evaluation 77
0 1.0 1500.0 0.0 0.0
0 1.0 1497.7 0.0 0.0
0 1.0 5891.6 0.0 0.0
evaluation 78
0 1.0 1600.0 0.0 0.0
0 1.0 1594.8 0.0 0.0
0 1.0 197.1 0.0 0.0
evaluation 79
0 1.0 1600.0 0.0 0.0
0 1.0 1197.7 0.0 0.0
0 1.0 7888.5 0.0 0.0
evaluation 80
0 1.0 3100.0 0.0 794.5
0 0.0 2485.4 1.0 8898.9
0 1.0 8491.8 0.0 8304.9
evaluation 81
0 1.0 3300.0 0.0 95.2
0 0.0 2885.4 1.0 7496.4
0 0.0 4811.1 1.0 6093.1
evaluation 82
0 1.0 600.0 0.0 90.4
0 1.0 6404.8 0.0 3725.5
0 1.0 2098.3 0.0 0.0
evaluation 83
0 1.0 400.0 0.0 0.0
0 1.0 2196.4 0.0 0.0
0 1.0 4709.1 0.0 0.0
evaluation 84
0 0.5 0.0 0.5 0.0
0 1.0 3996.8 0.0 0.0
0 1.0 4.699999999999999 0.0 0.0
evaluation 85
0 0.5 0.0 0.5 0.0
0 1.0 3206.0 0.0 0.0
0 1.0 8399.1 0.0 0.0
evaluation 86
0 0.5 0.0 0.5 0.0
0 1.0 1204.4 0.0 0.0
0 1.0 3816.6 0.0 0.0
evaluation 87
0 1.0 800.0 0.0 0.0
0 1.0 2601.4 0.0 0.0
0 1.0 8008.5 0.0 0.0
evaluation 88
0 1.0 400.0 0.0 -200.0
0 1.0 13108.6 0.0 -200.0
0 1.0 9743.5 0.0 -200.0
evaluation 89
0 1.0 400.0 0.0 -200.0
0 1.0 7132.9 0.0 -200.0
0 1.0 8940.2 0.0 -200.0
evaluation 90
0 1.0 400.0 0.0 -200.0
0 1.0 7937.5 0.0 -200.0
0 1.0 7741.2 0.0 -200.0
evaluation 91
0 1.0 400.0 0.0 -200.0
0 1.0 9741.6 0.0 -200.0
0 1.0 10760.0 0.0 -200.0
evaluation 92
0 1.0 400.0 0.0 -200.0
0 1.0 6547.4 0.0 -200.0
0 1.0 13732.7 0.0 -200.0
evaluation 93
0 1.0 -200.0 0.0 -800.0
0 1.0 10997.6 0.0 -800.0
0 1.0 12784.4 0.0 -800.0
evaluation 94
0 1.0 1000.0 0.0 -800.0
0 1.0 6369.6 0.0 -800.0
0 1.0 4267.2 0.0 -800.0
evaluation 95
0 1.0 1000.0 0.0 -800.0
0 1.0 4628.4 0.0 -800.0
0 1.0 9018.0 0.0 -800.0
evaluation 96
0 1.0 1000.0 0.0 -800.0
0 1.0 7845.2 0.0 -800.0
0 1.0 13019.2 0.0 -800.0
evaluation 97
0 1.0 1000.0 0.0 -800.0
0 1.0 6177.2 0.0 -800.0
0 1.0 4242.8 0.0 -800.0
evaluation 98
0 1.0 -200.0 0.0 -800.0
0 1.0 10554.8 0.0 -800.0
0 1.0 15158.0 0.0 -800.0
evaluation 99
0 1.0 -500.0 0.0 -800.0
0 1.0 3028.4 0.0 -800.0
0 1.0 6768.4 0.0 -800.0
0 1.0 400.0 0.0 -200.0
0 1.0 10725.6 0.0 -200.0
0 1.0 15571.0 0.0 -200.0
2446061 ms elapsed
Best solution first found at eval: 58
Best solution: [3, 6, 10, 80, 2, 1, 1, 0, 1, 0, 1, 0, 1, 1, 0, 1, 0, 1, 1, 1, 1, 100, 2, 7, 10, 10, 2, 400, 200, 1]
Best fitness: 73.10099999999989
Final solution: [3, 8, 10, 140, 1, 1, 1, 0, 1, 0, 1, 0, 1, 1, 0, 0, 0, 1, 1, 1, 1, 150, 3, 1, 0, 10, 2, 400, 250, 1]
Final fitness: 48.45399999999995
Number of visits to optimal: 0
Total number of evaluations: 101

evaluation 0
0 0.0 5400.0 1.0 8600.0
0 0.0 10200.0 1.0 11110.0
0 1.0 15220.0 0.0 9500.0
evaluation 1
0 1.0 4200.0 0.0 3800.0
0 1.0 14220.0 0.0 8700.0
0 1.0 7400.0 0.0 6310.0
evaluation 2
0 0.0 3800.0 1.0 5810.0
0 0.0 8100.0 1.0 12630.0
0 0.0 8800.0 1.0 10010.0
evaluation 3
0 1.0 4000.0 0.0 3800.0
0 1.0 7800.0 0.0 7110.0
0 1.0 10700.0 0.0 6410.0
evaluation 4
0 0.0 1900.0 1.0 2100.0
0 0.0 2600.0 1.0 3100.0
0 1.0 7300.0 0.0 2400.0
evaluation 5
0 0.5 2300.0 0.5 2300.0
0 1.0 2810.0 0.0 1700.0
0 1.0 5210.0 0.0 2200.0
evaluation 6
0 0.5 2300.0 0.5 2300.0
0 1.0 3976.4 0.0 2500.0
0 1.0 4896.8 0.0 1900.0
evaluation 7
0 0.5 2300.0 0.5 2300.0
0 1.0 4659.6 0.0 2100.0
0 1.0 5801.6 0.0 1700.0
evaluation 8
0 0.5 2300.0 0.5 2300.0
0 1.0 5510.0 0.0 2100.0
0 1.0 5010.0 0.0 2700.0
evaluation 9
0 0.5 2000.0 0.5 2000.0
0 1.0 4704.0 0.0 2300.0
0 1.0 4192.0 0.0 3000.0
evaluation 10
0 0.5 2000.0 0.5 2000.0
0 1.0 4880.0 0.0 2600.0
0 1.0 3977.6 0.0 3000.0
evaluation 11
0 0.5 2000.0 0.5 2000.0
0 1.0 2953.6 0.0 2200.0
0 1.0 4482.8 0.0 2200.0
evaluation 12
0 0.5 2000.0 0.5 2000.0
0 1.0 3987.6 0.0 1600.0
0 1.0 5080.8 0.0 3200.0
evaluation 13
0 0.5 2000.0 0.5 2000.0
0 1.0 2475.6 0.0 1600.0
0 1.0 4290.8 0.0 1800.0
evaluation 14
0 0.5 1300.0 0.5 1300.0
0 1.0 2146.8 0.0 1200.0
0 1.0 2572.8 0.0 1500.0
evaluation 15
0 0.0 -800.0 1.0 -300.0
0 1.0 1948.8 0.0 -200.0
0 1.0 3935.6 0.0 200.0
evaluation 16
0 0.5 -1600.0 0.5 -1600.0
0 1.0 -140.0 0.0 -1100.0
0 1.0 2157.6 0.0 900.0
evaluation 17
0 0.5 -1600.0 0.5 -1600.0
0 1.0 648.8 0.0 -1600.0
0 1.0 3580.0 0.0 1500.0
evaluation 18
0 0.5 1000.0 0.5 1000.0
0 1.0 2296.0 0.0 500.0
0 1.0 4303.2 0.0 -100.0
evaluation 19
0 0.5 1000.0 0.5 1000.0
0 1.0 2433.2 0.0 1000.0
0 1.0 5212.8 0.0 600.0
evaluation 20
0 0.5 -1600.0 0.5 -1600.0
0 1.0 2732.4 0.0 -1600.0
0 1.0 -79.20000000000005 0.0 -1600.0
evaluation 21
0 1.0 1000.0 0.0 -1600.0
0 1.0 3393.2 0.0 -1600.0
0 1.0 7974.0 0.0 -1600.0
evaluation 22
0 0.0 500.0 1.0 3409.6
0 0.0 1798.4 1.0 2614.0
0 1.0 8463.6 0.0 -1600.0
evaluation 23
0 0.0 1000.0 1.0 1634.3999999999999
0 1.0 1500.0 0.0 -400.0
0 1.0 8239.6 0.0 -1600.0
evaluation 24
0 0.0 3600.0 1.0 8528.8
0 1.0 8111.2 0.0 4928.0
0 1.0 12991.6 0.0 -1600.0
evaluation 25
0 1.0 3600.0 0.0 3340.8
0 1.0 4552.8 0.0 3439.2
0 1.0 12035.6 0.0 -1600.0
evaluation 26
0 0.0 3800.8 1.0 5505.6
0 1.0 6933.6 0.0 4579.2
0 1.0 14668.0 0.0 -1599.2
evaluation 27
0 1.0 1100.8 0.0 688.8
0 1.0 2605.6 0.0 501.5999999999999
0 1.0 13088.0 0.0 -1599.2
evaluation 28
0 0.0 3800.8 1.0 4731.2
0 1.0 6949.6 0.0 4346.4
0 1.0 12437.2 0.0 -1599.2
evaluation 29
0 0.0 3800.8 1.0 16260.0
0 1.0 6960.8 0.0 3313.6
0 1.0 10582.4 0.0 -1599.2
evaluation 30
0 0.0 2900.8 1.0 8537.6
0 1.0 5232.8 0.0 1284.0
0 1.0 10578.4 0.0 -1599.2
evaluation 31
0 1.0 3100.0 0.0 2181.7
0 1.0 4965.9 0.0 830.0999999999999
0 1.0 8970.4 0.0 0.0
evaluation 32
0 0.0 2600.0 1.0 5145.0
0 0.0 2578.0 1.0 2834.0
0 1.0 4761.0 0.0 0.0
evaluation 33
0 1.0 2000.0 0.0 1855.5
0 1.0 4790.5 0.0 3303.5
0 1.0 6893.0 0.0 0.0
evaluation 34
0 1.0 2700.0 0.0 1263.5
0 0.0 1508.0 1.0 2689.0
0 1.0 9539.5 0.0 0.0
evaluation 35
0 0.0 900.0 1.0 2992.0
0 0.0 -22.5 1.0 4230.5
0 1.0 5892.5 0.0 0.0
evaluation 36
0 0.0 1400.0 1.0 1512.5
0 1.0 4254.5 0.0 664.0
0 1.0 3489.0 0.0 0.0
evaluation 37
0 0.0 1300.0 1.0 3910.0
0 1.0 1383.5 0.0 649.0
0 1.0 7209.0 0.0 0.0
evaluation 38
0 0.0 2100.0 1.0 2955.5
0 1.0 3297.5 0.0 900.5
0 1.0 6291.0 0.0 0.0
evaluation 39
0 0.0 800.0 1.0 1400.0
0 1.0 2290.0 0.0 1680.0
0 1.0 7110.5 0.0 0.0
evaluation 40
0 1.0 1000.0 0.0 510.0
0 1.0 3077.5 0.0 1143.5
0 1.0 5984.5 0.0 10.0
evaluation 41
0 0.5 1200.0 0.5 1200.0
0 1.0 1569.5 0.0 900.0
0 1.0 6001.0 0.0 1100.0
evaluation 42
0 0.5 0.0 0.5 0.0
0 1.0 3730.0 0.0 600.0
0 1.0 3200.0 0.0 1820.0
evaluation 43
0 0.5 0.0 0.5 0.0
0 1.0 2210.0 0.0 1100.0
0 1.0 3120.0 0.0 1600.0
evaluation 44
0 0.5 0.0 0.5 0.0
0 1.0 1810.0 0.0 1000.0
0 1.0 5810.0 0.0 1200.0
evaluation 45
0 0.5 0.0 0.5 0.0
0 0.0 1010.0 1.0 1500.0
0 1.0 5610.0 0.0 700.0
evaluation 46
0 0.0 1200.0 1.0 1620.0
0 1.0 4210.0 0.0 2110.0
0 1.0 4000.0 0.0 2110.0
evaluation 47
0 0.0 200.0 1.0 1420.0
0 0.0 900.0 1.0 1820.0
0 1.0 2000.0 0.0 1910.0
evaluation 48
0 0.0 3600.0 1.0 5210.0
0 1.0 8120.0 0.0 6510.0
0 0.0 6210.0 1.0 6700.0
evaluation 49
0 0.0 4400.0 1.0 5710.0
0 0.0 8100.0 1.0 10030.0
0 0.0 6200.0 1.0 8120.0
evaluation 50
0 0.0 4100.0 1.0 8610.0
0 1.0 11020.0 0.0 7300.0
0 1.0 11810.0 0.0 9210.0
evaluation 51
0 0.0 5800.0 1.0 8710.0
0 0.0 6500.0 1.0 6710.0
0 1.0 14920.0 0.0 8300.0
evaluation 52
0 0.0 4800.0 1.0 5400.0
0 1.0 9520.0 0.0 6600.0
0 1.0 7600.0 0.0 0.0
evaluation 53
0 0.0 5000.0 1.0 5474.4
0 0.0 5707.2 1.0 8600.0
0 1.0 10215.4 0.0 0.0
evaluation 54
0 1.0 3700.0 0.0 3572.7
0 1.0 6801.7 0.0 5933.2
0 1.0 10202.8 0.0 0.0
evaluation 55
0 0.0 4000.0 1.0 7362.3
0 1.0 11224.7 0.0 4992.8
0 1.0 8402.2 0.0 0.0
evaluation 56
0 0.0 3800.0 1.0 6167.9
0 1.0 7991.6 0.0 4779.4
0 1.0 11304.5 0.0 0.0
evaluation 57
0 0.0 4900.0 1.0 5327.5
0 1.0 8001.6 0.0 7541.3
0 1.0 8098.0 0.0 0.0
evaluation 58
0 0.0 3500.0 1.0 3618.6
0 1.0 5191.6 0.0 3532.2
0 1.0 3791.7 0.0 0.0
evaluation 59
0 0.0 2800.0 1.0 4561.3
0 1.0 3305.9 0.0 2200.0
0 1.0 6606.2 0.0 0.0
evaluation 60
0 0.0 1900.0 1.0 3560.2
0 1.0 6106.7 0.0 4652.4
0 1.0 6303.0 0.0 0.0
evaluation 61
0 0.0 1900.0 1.0 2190.4
0 1.0 6827.8 0.0 5296.7
0 1.0 9506.8 0.0 0.0
evaluation 62
0 0.0 1500.0 1.0 3503.1
0 0.0 3307.0 1.0 4505.6
0 1.0 6902.9 0.0 0.0
evaluation 63
0 0.0 1700.4 1.0 2375.3
0 1.0 3669.1 0.0 2909.7
0 1.0 9668.5 0.0 -199.70000000000002
evaluation 64
0 0.0 1600.4 1.0 1751.5
0 0.0 2545.6 1.0 3550.7
0 1.0 7473.4 0.0 -199.70000000000002
evaluation 65
0 0.0 1400.0 1.0 4510.0
0 1.0 4400.0 0.0 4310.0
0 1.0 5700.0 0.0 0.0
evaluation 66
0 1.0 2700.0 0.0 2510.0
0 0.0 3210.0 1.0 3320.0
0 1.0 4300.0 0.0 0.0
evaluation 67
0 0.0 -497.1999999999998 1.0 2207.3
0 1.0 4267.2 0.0 1911.6
0 1.0 7417.6 0.0 -1397.8999999999999
evaluation 68
0 0.0 -597.1999999999998 1.0 459.0
0 1.0 1978.9 0.0 1917.7
0 1.0 3756.2 0.0 -1397.8999999999999
evaluation 69
0 0.0 -690.0 1.0 -471.09999999999997
0 0.0 -347.5 1.0 178.5
0 1.0 1423.2 0.0 -1400.0
evaluation 70
0 0.0 -700.0 1.0 802.5
0 0.0 -253.2 1.0 475.5
0 1.0 1426.3 0.0 -1400.0
evaluation 71
0 0.0 0.0 1.0 5.1000000000000005
0 0.0 0.0 1.0 500.2
0 1.0 2000.0 0.0 0.0
evaluation 72
0 1.0 300.0 0.0 0.0
0 0.0 717.2 1.0 900.0
0 1.0 10.0 0.0 0.0
evaluation 73
0 0.5 0.0 0.5 0.0
0 0.0 -8.399999999999999 1.0 53.800000000000004
0 1.0 2112.3 0.0 0.0
evaluation 74
0 1.0 1100.0 0.0 -242.89999999999998
0 1.0 -22.4 0.0 -128.79999999999998
0 1.0 3682.0 0.0 0.0
evaluation 75
0 1.0 100.0 0.0 -603.8000000000001
0 0.0 -66.5 1.0 225.39999999999998
0 1.0 1691.1 0.0 0.0
evaluation 76
0 1.0 0.0 0.0 -9.8
0 1.0 1646.9 0.0 1387.5
0 1.0 1.9000000000000004 0.0 0.0
evaluation 77
0 0.0 100.0 1.0 2877.6
0 1.0 1903.8 0.0 -52.8
0 1.0 1673.0 0.0 0.0
evaluation 78
0 0.0 810.0 1.0 4347.6
0 1.0 1677.2 0.0 636.4
0 1.0 3813.4 0.0 0.0
evaluation 79
0 1.0 600.0 0.0 -34.0
0 0.0 -36.199999999999996 1.0 500.0
0 1.0 2688.4 0.0 0.0
evaluation 80
0 0.0 600.0 1.0 2791.6
0 1.0 2497.4 0.0 1496.8
0 1.0 4297.4 0.0 0.0
evaluation 81
0 1.0 500.0 0.0 -151.20000000000002
0 0.0 -8.8 1.0 167.2
0 0.0 -9.600000000000001 1.0 0.0
evaluation 82
0 0.0 400.0 1.0 520.0
0 1.0 795.2 0.0 557.6
0 1.0 986.8 0.0 0.0
evaluation 83
0 0.0 300.0 1.0 352.4
0 1.0 1259.2 0.0 875.2
0 1.0 1194.0 0.0 0.0
evaluation 84
0 1.0 100.0 0.0 -636.0
0 1.0 2826.0 0.0 674.8
0 1.0 1749.2 0.0 0.0
evaluation 85
0 0.5 0.0 0.5 0.0
0 1.0 338.0 0.0 300.0
0 1.0 2747.6 0.0 400.0
evaluation 86
0 0.5 0.0 0.5 0.0
0 0.0 24.0 1.0 700.0
0 1.0 1559.2 0.0 500.0
evaluation 87
0 0.5 0.0 0.5 0.0
0 1.0 340.4 0.0 200.0
0 1.0 3645.2 0.0 400.0
evaluation 88
0 0.5 0.0 0.5 0.0
0 0.0 35.59999999999991 1.0 500.0
0 0.0 -498.4 1.0 0.0
evaluation 89
0 0.0 -3200.0 1.0 -1600.0
0 1.0 -1462.4 0.0 -1600.0
0 1.0 512.3999999999999 0.0 -1200.0
evaluation 90
0 0.5 -1600.0 0.5 -1600.0
0 1.0 -573.6 0.0 -1100.0
0 1.0 1864.0 0.0 -1300.0
evaluation 91
0 0.0 -1100.0 1.0 -91.20000000000005
0 0.0 -452.0 1.0 289.5999999999999
0 1.0 603.2 0.0 -100.80000000000007
evaluation 92
0 0.0 600.0 1.0 1722.4
0 0.0 332.79999999999995 1.0 1059.1999999999998
0 1.0 3165.6 0.0 1565.6
evaluation 93
0 0.0 1000.0 1.0 3447.6
0 0.0 547.1999999999999 1.0 2917.6
0 0.0 1386.0 1.0 2010.3999999999999
evaluation 94
0 0.0 -3190.0 1.0 738.8
0 1.0 2712.3999999999996 0.0 689.1999999999998
0 0.0 5122.4 1.0 6089.2
evaluation 95
0 0.0 1700.0 1.0 6020.4
0 1.0 2263.6 0.0 2100.4
0 1.0 4348.4 0.0 3914.0
evaluation 96
0 0.0 -400.0 1.0 8409.2
0 1.0 6015.6 0.0 1862.3999999999999
0 1.0 11180.8 0.0 5940.8
evaluation 97
0 0.0 100.0 1.0 6152.4
0 1.0 9711.2 0.0 8402.4
0 1.0 5051.2 0.0 5000.0
evaluation 98
0 0.0 1800.0 1.0 10053.2
0 1.0 9653.2 0.0 7944.8
0 1.0 11604.0 0.0 5524.8
evaluation 99
0 0.0 2900.0 1.0 6553.2
0 0.0 7259.2 1.0 9663.6
0 1.0 10996.4 0.0 5499.2
0 0.5 2000.0 0.5 2000.0
0 1.0 4291.2 0.0 2200.0
0 1.0 4905.6 0.0 2100.0
3434806 ms elapsed
Best solution first found at eval: 27
Best solution: [10, 3, 2, 140, 2, 1, 0, 0, 1, 1, 0, 1, 0, 1, 1, 0, 1, 1, 1, 0, 0, 75, 3, 8, 10, 30, 1, 500, 200, 4]
Best fitness: 139.12800000000004
Final solution: [6, 6, 10, 160, 2, 1, 0, 0, 1, 1, 0, 0, 0, 0, 0, 0, 1, 1, 1, 0, 0, 50, 0, 4, 10, 10, 0, 400, 300, 0]
Final fitness: 7.1440000000000055
Number of visits to optimal: 0
Total number of evaluations: 101

evaluation 0
0 1.0 800.0 0.0 0.0
0 1.0 1520.0 0.0 0.0
0 1.0 4110.0 0.0 0.0
evaluation 1
0 0.0 800.0 1.0 2710.0
0 0.0 1820.0 1.0 2800.0
0 1.0 2610.0 0.0 0.0
evaluation 2
0 1.0 1400.0 0.0 700.0
0 1.0 4110.0 0.0 1400.0
0 1.0 3610.0 0.0 0.0
evaluation 3
0 0.0 900.0 1.0 5100.0
0 0.0 700.0 1.0 4700.0
0 1.0 2700.0 0.0 0.0
evaluation 4
0 0.0 800.0 1.0 5200.0
0 1.0 6131.2 0.0 540.0
0 1.0 2992.4 0.0 0.0
evaluation 5
0 0.0 800.0 1.0 1310.8
0 0.0 4085.6 1.0 4796.4
0 1.0 1909.6 0.0 0.0
evaluation 6
0 0.0 900.0 1.0 3848.0
0 1.0 2252.0 0.0 903.2
0 1.0 7689.6 0.0 0.0
evaluation 7
0 0.0 0.0 1.0 2854.4
0 0.0 1246.8 1.0 3757.6
0 1.0 1388.0 0.0 0.0
evaluation 8
0 0.0 1200.0 1.0 1700.0
0 1.0 4800.0 0.0 3700.0
0 1.0 11420.0 0.0 0.0
evaluation 9
0 1.0 1000.0 0.0 200.0
0 1.0 4110.0 0.0 3100.0
0 1.0 2100.0 0.0 0.0
evaluation 10
0 1.0 1200.0 0.0 1110.0
0 1.0 5300.0 0.0 4520.0
0 1.0 2000.0 0.0 0.0
evaluation 11
0 0.0 0.0 1.0 3851.2
0 0.0 4812.0 1.0 7463.2
0 1.0 4754.4 0.0 0.0
evaluation 12
0 0.0 200.0 1.0 2071.6
0 0.0 1852.6 1.0 2548.7
0 1.0 7572.8 0.0 0.0
evaluation 13
0 0.0 4800.0 1.0 10477.6
0 1.0 11835.0 0.0 6837.0
0 1.0 8775.7 0.0 0.0
evaluation 14
0 0.0 900.0 1.0 6781.2
0 1.0 4614.5 0.0 4581.2
0 1.0 12361.4 0.0 0.0
evaluation 15
0 0.0 2100.0 1.0 8079.5
0 0.0 4261.0 1.0 4477.2
0 1.0 6074.8 0.0 0.0
evaluation 16
0 0.0 1500.0 1.0 1972.1
0 1.0 4668.4 0.0 2571.9
0 1.0 8262.6 0.0 0.0
evaluation 17
0 0.0 1300.0 1.0 3567.1
0 1.0 4129.8 0.0 3125.3
0 1.0 7854.5 0.0 3647.3
evaluation 18
0 0.0 1700.0 1.0 4080.0
0 1.0 6679.8 0.0 5178.2
0 1.0 8142.8 0.0 4353.9
evaluation 19
0 0.0 1700.0 1.0 4734.6
0 1.0 4473.7 0.0 2859.0
0 1.0 8738.0 0.0 6576.4
evaluation 20
0 0.0 2400.0 1.0 4580.7
0 1.0 6361.2 0.0 5871.6
0 1.0 8195.7 0.0 5358.9
evaluation 21
0 0.0 3500.0 1.0 5551.7
0 0.0 5330.5 1.0 6949.2
0 1.0 5704.3 0.0 5557.6
evaluation 22
0 0.0 8600.0 1.0 12356.3
0 1.0 6312.4 0.0 5034.4
0 1.0 5713.1 0.0 0.0
evaluation 23
0 0.0 1900.0 1.0 11437.0
0 1.0 5799.6 0.0 1357.7
0 1.0 3538.6 0.0 0.0
evaluation 24
0 0.0 -600.0 1.0 14331.7
0 0.0 131.1 1.0 2178.2
0 1.0 3869.3 0.0 0.0
evaluation 25
0 0.0 -600.0 1.0 11957.7
0 0.0 -149.2 1.0 1895.3
0 1.0 3091.4 0.0 0.0
evaluation 26
0 0.0 -600.0 1.0 573.9000000000001
0 1.0 -13.800000000000011 0.0 -290.3
0 1.0 7469.7 0.0 5247.4
evaluation 27
0 0.0 -600.0 1.0 5151.1
0 0.0 2972.2 1.0 8463.2
0 1.0 5049.0 0.0 3986.8
evaluation 28
0 1.0 10200.0 0.0 6811.4
0 1.0 5847.6 0.0 4609.0
0 1.0 3276.1 0.0 2971.2
evaluation 29
0 1.0 6000.0 0.0 3895.8
0 0.0 3310.5 1.0 3348.7
0 0.0 6392.6 1.0 6901.2
evaluation 30
0 0.0 2400.0 1.0 8846.3
0 0.0 4644.0 1.0 4650.6
0 1.0 3859.9 0.0 1207.2
evaluation 31
0 0.0 -600.0 1.0 2630.7
0 1.0 1976.4 0.0 1424.7
0 0.0 2616.9 1.0 2930.7
evaluation 32
0 0.0 -600.0 1.0 -299.0
0 1.0 7901.3 0.0 4817.7
0 0.0 4089.6 1.0 5509.1
evaluation 33
0 0.0 3200.0 1.0 4045.4
0 0.0 233.10000000000002 1.0 2867.1
0 0.0 788.9000000000001 1.0 2332.9
evaluation 34
0 0.0 -600.0 1.0 2433.9
0 0.0 2310.9 1.0 2411.2
0 0.0 -6.0 1.0 1647.3
evaluation 35
0 0.0 -600.0 1.0 1333.1
0 0.0 148.0 1.0 2072.3
0 1.0 -134.1 0.0 -600.0
evaluation 36
0 1.0 1100.0 0.0 -46.699999999999996
0 1.0 5522.2 0.0 4937.3
0 1.0 32.0 0.0 -600.0
evaluation 37
0 1.0 1000.0 0.0 -56.89999999999999
0 0.0 1012.5 1.0 3778.5
0 1.0 1756.9 0.0 -600.0
evaluation 38
0 0.0 1600.0 1.0 4244.3
0 1.0 4219.2 0.0 4102.8
0 1.0 10117.8 0.0 -590.0
evaluation 39
0 0.0 2700.0 1.0 3312.7
0 1.0 4836.0 0.0 3285.7
0 1.0 10723.1 0.0 -600.0
evaluation 40
0 0.0 2400.0 1.0 6910.0
0 1.0 4620.0 0.0 3400.0
0 1.0 12100.0 0.0 0.0
evaluation 41
0 1.0 3100.0 0.0 2400.0
0 1.0 3710.0 0.0 3700.0
0 1.0 9510.0 0.0 0.0
evaluation 42
0 1.0 2600.0 0.0 1500.0
0 0.0 5020.0 1.0 5900.0
0 1.0 9520.0 0.0 0.0
evaluation 43
0 0.0 2300.0 1.0 5200.0
0 1.0 4110.0 0.0 400.0
0 1.0 11710.0 0.0 0.0
evaluation 44
0 0.0 2400.0 1.0 6610.0
0 0.0 3310.0 1.0 6000.0
0 1.0 11600.0 0.0 0.0
evaluation 45
0 1.0 2400.0 0.0 1400.0
0 0.0 510.0 1.0 600.0
0 1.0 10500.0 0.0 0.0
evaluation 46
0 0.0 2000.0 1.0 3410.0
0 1.0 10610.0 0.0 6800.0
0 1.0 15910.0 0.0 9710.0
evaluation 47
0 0.0 2200.0 1.0 5420.0
0 1.0 8830.0 0.0 4300.0
0 0.0 2620.0 1.0 3800.0
evaluation 48
0 1.0 2710.0 0.0 1100.0
0 1.0 11630.0 0.0 4700.0
0 1.0 9510.0 0.0 4010.0
evaluation 49
0 1.0 3800.0 0.0 800.0
0 1.0 3400.0 0.0 1200.0
0 1.0 9220.0 0.0 2610.0
evaluation 50
0 1.0 3000.0 0.0 2300.0
0 1.0 9010.0 0.0 6900.0
0 0.0 6500.0 1.0 6800.0
evaluation 51
0 0.0 3400.0 1.0 6210.0
0 1.0 9310.0 0.0 8910.0
0 1.0 6110.0 0.0 5510.0
evaluation 52
0 1.0 3700.0 0.0 3063.4
0 0.0 5968.2 1.0 6384.0
0 1.0 12076.4 0.0 3060.4
evaluation 53
0 0.0 2200.0 1.0 3097.6
0 1.0 6940.8 0.0 5869.6
0 0.0 4500.8 1.0 5843.2
evaluation 54
0 1.0 3400.0 0.0 3353.6
0 1.0 4114.4 0.0 3321.2
0 1.0 7868.0 0.0 5369.2
evaluation 55
0 0.0 3300.0 1.0 5273.2
0 0.0 1697.6 1.0 7367.2
0 1.0 5429.6 0.0 3332.8
evaluation 56
0 0.0 3100.0 1.0 4764.8
0 1.0 9648.8 0.0 9348.0
0 1.0 11491.6 0.0 4880.8
evaluation 57
0 0.0 3300.0 1.0 6232.8
0 0.0 4763.2 1.0 7380.8
0 1.0 8299.6 0.0 4391.2
evaluation 58
0 0.0 3900.0 1.0 9132.4
0 1.0 7277.2 0.0 6045.2
0 1.0 13340.0 0.0 2944.0
evaluation 59
0 0.0 4400.0 1.0 5252.0
0 0.0 8784.4 1.0 10484.4
0 1.0 8574.8 0.0 8256.4
evaluation 60
0 0.0 2100.0 1.0 2449.2
0 0.0 3634.8 1.0 5584.0
0 0.0 2445.6 1.0 5335.2
evaluation 61
0 1.0 1400.0 0.0 365.6
0 1.0 2672.3 0.0 851.8
0 0.0 1527.9 1.0 3288.6
evaluation 62
0 1.0 200.0 0.0 -9.299999999999983
0 1.0 3785.8 0.0 3297.9
0 1.0 2398.9 0.0 1305.6
evaluation 63
0 0.0 -200.0 1.0 1439.8
0 0.0 1576.1 1.0 1762.2
0 1.0 3190.7 0.0 863.6
evaluation 64
0 0.0 0.0 1.0 1837.8
0 0.0 4244.9 1.0 4381.9
0 0.0 2453.2 1.0 2865.2
evaluation 65
0 0.0 600.0 1.0 702.3
0 0.0 610.0 1.0 2400.4
0 1.0 3313.0 0.0 369.9
evaluation 66
0 0.0 600.0 1.0 1396.0
0 1.0 2072.7 0.0 400.0
0 1.0 500.2 0.0 0.0
evaluation 67
0 1.0 400.0 0.0 -1.4
0 0.0 7.9 1.0 500.0
0 1.0 3820.0 0.0 0.0
evaluation 68
0 1.0 400.0 0.0 -32.199999999999996
0 1.0 566.6 0.0 -38.5
0 1.0 1810.0 0.0 0.0
evaluation 69
0 0.0 400.0 1.0 663.8
0 0.0 -10.099999999999998 1.0 1043.3
0 1.0 1408.6 0.0 0.0
evaluation 70
0 1.0 300.0 0.0 -30.799999999999997
0 1.0 1074.3 0.0 168.5
0 1.0 3597.2 0.0 0.0
evaluation 71
0 1.0 300.0 0.0 -32.9
0 1.0 880.4 0.0 853.1
0 1.0 1095.3 0.0 0.0
evaluation 72
0 0.0 200.0 1.0 389.9
0 0.0 -18.7 1.0 589.7
0 1.0 1398.8 0.0 0.0
evaluation 73
0 1.0 400.0 0.0 -57.4
0 0.0 71.5 1.0 2092.7
0 1.0 1193.0 0.0 0.0
evaluation 74
0 0.0 500.0 1.0 765.7
0 0.0 1161.7 1.0 1932.3
0 1.0 1606.5 0.0 0.0
evaluation 75
0 0.0 2800.0 1.0 4793.7
0 1.0 4192.5 0.0 2046.8
0 1.0 9609.0 0.0 0.0
evaluation 76
0 0.0 0.0 1.0 7097.6
0 1.0 5490.7 0.0 5289.0
0 1.0 9674.7 0.0 10.0
evaluation 77
0 1.0 1000.0 0.0 0.0
0 1.0 3872.5 0.0 0.0
0 1.0 6377.0 0.0 0.0
evaluation 78
0 1.0 1000.0 0.0 0.0
0 1.0 5809.1 0.0 0.0
0 1.0 3372.8 0.0 0.0
evaluation 79
0 1.0 1600.0 0.0 0.0
0 1.0 3800.4 0.0 0.0
0 1.0 7629.6 0.0 0.0
evaluation 80
0 1.0 1800.0 0.0 0.0
0 1.0 8876.4 0.0 0.0
0 1.0 8955.2 0.0 0.0
evaluation 81
0 1.0 2400.0 0.0 0.0
0 1.0 5834.8 0.0 0.0
0 1.0 16726.0 0.0 0.0
evaluation 82
0 1.0 2400.0 0.0 0.0
0 1.0 7465.6 0.0 0.0
0 1.0 10957.6 0.0 0.0
evaluation 83
0 1.0 2400.0 0.0 0.0
0 1.0 4887.2 0.0 0.0
0 1.0 10397.2 0.0 0.0
evaluation 84
0 1.0 2400.0 0.0 0.0
0 1.0 2454.8 0.0 0.0
0 1.0 10892.0 0.0 0.0
evaluation 85
0 1.0 2400.0 0.0 0.0
0 1.0 7444.0 0.0 0.0
0 1.0 9936.4 0.0 0.0
evaluation 86
0 1.0 2400.0 0.0 0.0
0 1.0 6576.4 0.0 0.0
0 1.0 6695.2 0.0 0.0
evaluation 87
0 1.0 1800.0 0.0 0.0
0 1.0 6624.4 0.0 0.0
0 1.0 4718.0 0.0 0.0
evaluation 88
0 1.0 2400.0 0.0 0.0
0 1.0 3637.6 0.0 10.0
0 1.0 7901.6 0.0 0.0
evaluation 89
0 1.0 900.0 0.0 0.0
0 1.0 6616.0 0.0 0.0
0 1.0 12223.6 0.0 0.0
evaluation 90
0 1.0 900.0 0.0 0.0
0 1.0 866.4 0.0 0.0
0 1.0 3318.0 0.0 0.0
evaluation 91
0 1.0 1400.0 0.0 0.0
0 1.0 469.6 0.0 0.0
0 1.0 8189.6 0.0 0.0
evaluation 92
0 1.0 1400.0 0.0 0.0
0 1.0 4684.8 0.0 0.0
0 1.0 5003.2 0.0 0.0
evaluation 93
0 1.0 1400.0 0.0 0.0
0 1.0 3967.6 0.0 0.0
0 1.0 5203.6 0.0 0.0
evaluation 94
0 1.0 1400.0 0.0 0.0
0 1.0 4473.2 0.0 0.0
0 1.0 5476.4 0.0 0.0
evaluation 95
0 1.0 1400.0 0.0 0.0
0 1.0 2984.4 0.0 0.0
0 1.0 10693.2 0.0 0.0
evaluation 96
0 1.0 1400.0 0.0 0.0
0 1.0 6097.2 0.0 0.0
0 1.0 6608.4 0.0 0.0
evaluation 97
0 1.0 1400.0 0.0 0.0
0 1.0 1192.4 0.0 0.0
0 1.0 6894.8 0.0 0.0
evaluation 98
0 1.0 1400.0 0.0 0.0
0 1.0 3192.4 0.0 0.0
0 1.0 9715.6 0.0 0.0
evaluation 99
0 1.0 1400.0 0.0 0.0
0 1.0 2236.8 0.0 0.0
0 1.0 9989.2 0.0 0.0
0 1.0 900.0 0.0 0.0
0 1.0 1223.6 0.0 0.0
0 1.0 3298.4 0.0 0.0
4064620 ms elapsed
Best solution first found at eval: 25
Best solution: [1, 2, 8, 80, 2, 1, 0, 0, 0, 1, 1, 1, 0, 1, 0, 0, 0, 1, 0, 0, 1, 150, 3, 3, 10, 40, 1, 500, 200, 4]
Best fitness: 128.846
Final solution: [6, 3, 4, 60, 4, 1, 0, 1, 0, 1, 1, 1, 0, 0, 1, 0, 0, 1, 0, 1, 1, 50, 2, 4, 10, 20, 2, 400, 200, 1]
Final fitness: 3.23599999999999
Number of visits to optimal: 0
Total number of evaluations: 101


 min = 40.98000000000002
 max = 211.8309999999999
 ave = 104.54889999999996
 sd  = 50.71238898259695
 se  = 16.036665477343536
 sum  = 1045.4889999999996
 sumsq  = 132450.4424789999
 n   = 10
