evaluation 0
0 1.0 1800.0 0.0 0.0
0 1.0 7230.0 0.0 0.0
0 1.0 3200.0 0.0 0.0
evaluation 1
0 1.0 600.0 0.0 0.0
0 1.0 5310.0 0.0 0.0
0 1.0 6310.0 0.0 0.0
evaluation 2
0 1.0 600.0 0.0 0.0
0 1.0 2610.0 0.0 0.0
0 1.0 5520.0 0.0 0.0
evaluation 3
0 1.0 600.0 0.0 0.0
0 1.0 3520.0 0.0 0.0
0 1.0 2010.0 0.0 0.0
evaluation 4
0 0.0 2200.0 1.0 3120.0
0 0.0 5110.0 1.0 5410.0
0 1.0 2210.0 0.0 700.0
evaluation 5
0 1.0 200.0 0.0 110.0
0 1.0 3120.0 0.0 2000.0
0 1.0 5110.0 0.0 3910.0
evaluation 6
0 0.5 1700.0 0.5 1700.0
0 0.0 2700.0 1.0 3510.0
0 1.0 3900.0 0.0 2500.0
evaluation 7
0 1.0 2900.0 0.0 2700.0
0 0.0 10.0 1.0 810.0
0 1.0 3710.0 0.0 3600.0
evaluation 8
0 0.0 900.0 1.0 2720.0
0 1.0 3320.0 0.0 1910.0
0 1.0 410.0 0.0 10.0
evaluation 9
0 0.0 1100.0 1.0 1400.0
0 0.0 3400.0 1.0 4410.0
0 0.0 2810.0 1.0 3420.0
evaluation 10
0 1.0 2000.0 0.0 1000.0
0 0.0 2010.0 1.0 3800.0
0 1.0 6420.0 0.0 5100.0
evaluation 11
0 1.0 2000.0 0.0 1810.0
0 1.0 4610.0 0.0 0.0
0 0.0 4720.0 1.0 5410.0
evaluation 12
0 1.0 2800.0 0.0 2520.0
0 1.0 5910.0 0.0 1910.0
0 1.0 3300.0 0.0 1610.0
evaluation 13
0 1.0 2900.0 0.0 2420.0
0 1.0 10220.0 0.0 9620.0
0 1.0 10120.0 0.0 1610.0
evaluation 14
0 0.0 1700.0 1.0 5800.0
0 1.0 4010.0 0.0 3400.0
0 1.0 2610.0 0.0 1800.0
evaluation 15
0 0.0 1300.0 1.0 2200.0
0 0.0 6020.0 1.0 7210.0
0 1.0 4510.0 0.0 3000.0
evaluation 16
0 0.0 400.0 1.0 1410.0
0 0.0 1710.0 1.0 2210.0
0 1.0 5520.0 0.0 1800.0
evaluation 17
0 1.0 600.0 0.0 0.0
0 1.0 20.0 0.0 10.0
0 0.5 0.0 0.5 0.0
evaluation 18
0 1.0 1200.0 0.0 0.0
0 1.0 3210.0 0.0 0.0
0 1.0 5210.0 0.0 0.0
evaluation 19
0 1.0 1200.0 0.0 210.0
0 1.0 1310.0 0.0 0.0
0 1.0 8520.0 0.0 0.0
evaluation 20
0 1.0 1200.0 0.0 810.0
0 1.0 3110.0 0.0 0.0
0 1.0 2210.0 0.0 0.0
evaluation 21
0 1.0 1200.0 0.0 -543.9
0 1.0 544.1 0.0 -555.5
0 1.0 2678.5 0.0 -600.0
evaluation 22
0 1.0 1200.0 0.0 -600.0
0 1.0 -386.0 0.0 -600.0
0 1.0 3105.2 0.0 -600.0
evaluation 23
0 1.0 1200.0 0.0 -600.0
0 1.0 4216.2 0.0 -600.0
0 1.0 49.10000000000002 0.0 -600.0
evaluation 24
0 1.0 3400.0 0.0 -600.0
0 1.0 6904.1 0.0 -600.0
0 1.0 6684.5 0.0 -600.0
evaluation 25
0 1.0 2100.0 0.0 -600.0
0 1.0 168.20000000000005 0.0 -600.0
0 1.0 11467.0 0.0 -600.0
evaluation 26
0 1.0 2100.0 0.0 -600.0
0 1.0 6407.4 0.0 -600.0
0 1.0 11276.5 0.0 -600.0
evaluation 27
0 1.0 1600.0 0.0 0.0
0 1.0 1559.6 0.0 0.0
0 1.0 13148.6 0.0 0.0
evaluation 28
0 1.0 1600.0 0.0 0.0
0 1.0 1351.4 0.0 0.0
0 1.0 10818.9 0.0 0.0
evaluation 29
0 1.0 2200.0 0.0 -600.0
0 1.0 3885.6 0.0 -600.0
0 1.0 14602.5 0.0 -600.0
evaluation 30
0 1.0 2610.0 0.0 -600.0
0 1.0 2244.6 0.0 -600.0
0 1.0 7666.9 0.0 -600.0
evaluation 31
0 1.0 2200.0 0.0 -600.0
0 1.0 4627.8 0.0 -600.0
0 1.0 8376.2 0.0 -590.0
evaluation 32
0 0.0 -600.0 1.0 0.0
0 1.0 2136.8 0.0 0.0
0 1.0 3316.6 0.0 0.0
evaluation 33
0 0.0 -600.0 1.0 0.0
0 1.0 1757.6 0.0 0.0
0 1.0 2921.8 0.0 0.0
evaluation 34
0 0.0 -600.0 1.0 0.0
0 1.0 1238.0 0.0 0.0
0 1.0 8127.5 0.0 0.0
evaluation 35
0 0.0 -600.0 1.0 0.0
0 1.0 1972.6 0.0 0.0
0 1.0 4730.1 0.0 0.0
evaluation 36
0 0.0 -600.0 1.0 0.0
0 1.0 5857.3 0.0 0.0
0 1.0 3217.0 0.0 0.0
evaluation 37
0 0.0 -600.0 1.0 0.0
0 1.0 979.5 0.0 0.0
0 1.0 3369.9 0.0 0.0
evaluation 38
0 0.0 -600.0 1.0 0.0
0 1.0 2171.3 0.0 0.0
0 1.0 1771.9 0.0 0.0
evaluation 39
0 0.0 -600.0 1.0 0.0
0 1.0 1736.2 0.0 0.0
0 1.0 3554.1 0.0 0.0
evaluation 40
0 0.0 -600.0 1.0 0.0
0 1.0 159.10000000000002 0.0 0.0
0 1.0 1370.3 0.0 0.0
evaluation 41
0 0.0 -600.0 1.0 0.0
0 1.0 896.5 0.0 0.0
0 1.0 2912.4 0.0 0.0
evaluation 42
0 0.0 -600.0 1.0 0.0
0 1.0 2049.6 0.0 0.0
0 1.0 5082.9 0.0 0.0
evaluation 43
0 0.0 -600.0 1.0 0.0
0 0.0 -350.4 1.0 0.0
0 1.0 2860.5 0.0 0.0
evaluation 44
0 0.0 -600.0 1.0 0.0
0 0.0 -288.2 1.0 0.0
0 1.0 3546.0 0.0 0.0
evaluation 45
0 0.0 -1800.0 1.0 0.0
0 1.0 6265.0 0.0 0.0
0 0.0 -645.8000000000001 1.0 0.0
evaluation 46
0 0.0 -1800.0 1.0 -1543.4
0 0.0 -1053.9 1.0 1443.7
0 1.0 1388.4 0.0 0.0
evaluation 47
0 0.0 -1800.0 1.0 -1600.2
0 0.0 1077.6 1.0 2103.5
0 0.0 -700.9 1.0 0.0
evaluation 48
0 0.0 -1800.0 1.0 0.0
0 1.0 2029.9 0.0 500.0
0 0.0 668.3 1.0 2400.0
evaluation 49
0 0.0 -1800.0 1.0 0.0
0 0.0 -1079.0 1.0 0.0
0 1.0 929.1 0.0 600.0
evaluation 50
0 0.0 -1200.0 1.0 0.0
0 1.0 867.4 0.0 0.0
0 0.0 -343.6 1.0 700.0
evaluation 51
0 0.0 -200.0 1.0 0.0
0 1.0 99.69999999999999 0.0 0.0
0 1.0 8004.0 0.0 1200.0
evaluation 52
0 0.0 -200.0 1.0 0.0
0 0.0 118.39999999999999 1.0 800.0
0 1.0 1724.3 0.0 1200.0
evaluation 53
0 1.0 4800.0 0.0 3792.4
0 0.0 4421.2 1.0 5697.4
0 0.0 4396.5 1.0 4413.8
evaluation 54
0 0.0 -200.0 1.0 692.8
0 0.0 4503.2 1.0 6900.6
0 1.0 9324.2 0.0 5302.9
evaluation 55
0 0.0 -200.0 1.0 -50.10000000000001
0 1.0 1520.1 0.0 10.699999999999989
0 1.0 7213.3 0.0 -101.2
evaluation 56
0 0.0 -200.0 1.0 1718.7
0 0.0 -101.4 1.0 -93.9
0 0.0 -101.5 1.0 -79.60000000000001
evaluation 57
0 0.0 -200.0 1.0 -160.20000000000002
0 1.0 4895.6 0.0 -121.30000000000001
0 1.0 75.3 0.0 -134.5
evaluation 58
0 0.0 -200.0 1.0 -140.70000000000002
0 1.0 -114.10000000000001 0.0 -121.1
0 1.0 -93.60000000000001 0.0 -134.4
evaluation 59
0 0.0 -200.0 1.0 -129.9
0 1.0 5793.7 0.0 3676.5
0 1.0 3709.5 0.0 2059.6
evaluation 60
0 0.0 -200.0 1.0 -128.4
0 1.0 -93.4 0.0 -95.7
0 1.0 6103.2 0.0 52.29999999999998
evaluation 61
0 0.0 -200.0 1.0 -147.3
0 0.0 5383.7 1.0 7460.7
0 1.0 -112.4 0.0 -134.3
evaluation 62
0 0.0 -599.8000000000001 1.0 -292.7
0 0.0 629.0 1.0 2889.7
0 0.0 -266.8 1.0 702.7
evaluation 63
0 0.0 -200.0 1.0 4901.3
0 1.0 -131.70000000000002 0.0 -148.6
0 0.0 5658.9 1.0 6599.5
evaluation 64
0 0.0 -200.0 1.0 11259.3
0 0.0 -163.10000000000002 1.0 1037.9
0 1.0 3840.8 0.0 -180.10000000000002
evaluation 65
0 0.0 -200.0 1.0 -185.9
0 1.0 1310.3 0.0 -150.70000000000002
0 0.0 255.5 1.0 2751.4
evaluation 66
0 0.0 -200.0 1.0 6227.5
0 0.0 -187.0 1.0 716.8
0 1.0 -156.70000000000002 0.0 -190.0
evaluation 67
0 0.0 -200.0 1.0 412.0
0 0.0 -175.60000000000002 1.0 2113.3
0 1.0 -136.5 0.0 -200.0
evaluation 68
0 1.0 -200.0 0.0 -216.5
0 0.0 -206.3 1.0 6705.0
0 1.0 9029.5 0.0 -200.0
evaluation 69
0 1.0 -200.0 0.0 -234.4
0 0.0 -194.10000000000002 1.0 1102.3
0 1.0 18240.6 0.0 -200.0
evaluation 70
0 0.0 4200.0 1.0 6057.0
0 0.0 8040.4 1.0 8635.7
0 0.0 4232.1 1.0 5611.9
evaluation 71
0 0.0 -200.0 1.0 3050.5
0 0.0 419.29999999999995 1.0 1342.8
0 0.0 7016.3 1.0 7833.1
evaluation 72
0 0.0 -200.0 1.0 832.2
0 1.0 646.3 0.0 -164.5
0 0.0 409.4 1.0 6027.5
evaluation 73
0 0.0 9600.0 1.0 15366.0
0 0.0 2640.4 1.0 3215.6
0 0.0 617.5999999999999 1.0 1013.5999999999999
evaluation 74
0 0.0 2100.0 1.0 10498.8
0 0.0 3804.8 1.0 9552.0
0 0.0 1471.2 1.0 10530.8
evaluation 75
0 0.0 3200.0 1.0 12143.2
0 0.0 5466.4 1.0 9326.4
0 0.0 1794.0 1.0 6480.4
evaluation 76
0 0.0 2300.0 1.0 11680.8
0 0.0 7077.6 1.0 9551.6
0 0.0 3265.2 1.0 14542.0
evaluation 77
0 0.0 1500.0 1.0 2242.0
0 0.0 1419.6 1.0 9530.0
0 0.0 5366.4 1.0 9356.0
evaluation 78
0 0.0 2700.0 1.0 8066.4
0 1.0 10038.8 0.0 2160.0
0 1.0 11105.2 0.0 10293.6
evaluation 79
0 0.0 2000.0 1.0 3148.8
0 0.0 3636.8 1.0 11559.6
0 0.0 3883.6 1.0 9685.2
evaluation 80
0 0.0 3000.0 1.0 13934.0
0 1.0 5450.4 0.0 5390.4
0 0.0 4411.6 1.0 5631.2
evaluation 81
0 1.0 2700.0 0.0 1909.2
0 0.0 3452.8 1.0 12430.4
0 1.0 5356.0 0.0 2673.2
evaluation 82
0 0.0 2400.0 1.0 10941.6
0 0.0 7653.2 1.0 8828.4
0 0.0 8072.4 1.0 12032.4
evaluation 83
0 0.0 3400.0 1.0 9564.4
0 0.0 4880.8 1.0 8762.0
0 1.0 724.0 0.0 342.0
evaluation 84
0 0.0 3200.0 1.0 12343.2
0 0.0 1406.4 1.0 11984.8
0 0.0 6246.0 1.0 14287.6
evaluation 85
0 0.0 2600.0 1.0 9753.6
0 0.0 5820.4 1.0 11417.2
0 0.0 -108.4 1.0 10126.8
evaluation 86
0 1.0 1700.0 0.0 0.0
0 1.0 8770.0 0.0 0.0
0 1.0 9392.8 0.0 0.0
evaluation 87
0 1.0 1700.0 0.0 0.0
0 1.0 450.4 0.0 0.0
0 1.0 8393.6 0.0 0.0
evaluation 88
0 1.0 1700.0 0.0 0.0
0 1.0 5430.0 0.0 0.0
0 1.0 10291.6 0.0 0.0
evaluation 89
0 1.0 1400.0 0.0 0.0
0 0.0 -146.8 1.0 0.0
0 1.0 8786.0 0.0 0.0
evaluation 90
0 1.0 1500.0 0.0 0.0
0 1.0 4436.4 0.0 0.0
0 1.0 2956.0 0.0 0.0
evaluation 91
0 1.0 3200.0 0.0 0.0
0 1.0 5418.4 0.0 0.0
0 1.0 7811.2 0.0 0.0
evaluation 92
0 1.0 3100.0 0.0 0.0
0 1.0 3766.8 0.0 0.0
0 1.0 7803.6 0.0 10.0
evaluation 93
0 1.0 3100.0 0.0 0.0
0 1.0 5991.6 0.0 10.0
0 1.0 8093.2 0.0 0.0
evaluation 94
0 1.0 3100.0 0.0 0.0
0 1.0 5502.4 0.0 0.0
0 1.0 5232.8 0.0 0.0
evaluation 95
0 1.0 2400.0 0.0 0.0
0 1.0 5025.6 0.0 0.0
0 1.0 4638.0 0.0 0.0
evaluation 96
0 1.0 2700.0 0.0 0.0
0 1.0 5176.8 0.0 0.0
0 1.0 6526.8 0.0 0.0
evaluation 97
0 1.0 2700.0 0.0 0.0
0 1.0 7681.2 0.0 0.0
0 1.0 6454.8 0.0 0.0
evaluation 98
0 1.0 2700.0 0.0 0.0
0 1.0 4989.2 0.0 0.0
0 1.0 6418.0 0.0 0.0
evaluation 99
0 1.0 2700.0 0.0 0.0
0 1.0 6977.2 0.0 0.0
0 1.0 7605.6 0.0 0.0
0 1.0 2700.0 0.0 0.0
0 1.0 6867.6 0.0 0.0
0 1.0 8000.8 0.0 0.0
6544193 ms elapsed
Best solution first found at eval: 65
Best solution: [1, 1, 6, 60, 4, 1, 1, 0, 1, 0, 1, 1, 1, 0, 1, 1, 1, 0, 0, 0, 1, 100, 2, 1, 10, 20, 2, 500, 200, 2]
Best fitness: 102.58300000000008
Final solution: [8, 7, 8, 100, 3, 1, 1, 0, 1, 0, 0, 1, 1, 0, 1, 0, 1, 0, 0, 0, 0, 50, 1, 8, 0, 40, 1, 500, 200, 1]
Final fitness: 11.332000000000107
Number of visits to optimal: 0
Total number of evaluations: 101