evaluation 0
0 1.0 1200.0 0.0 813.0
0 0.0 1456.0 1.0 1500.0
0 1.0 6752.5 0.0 -1000.0
evaluation 1
0 1.0 1200.0 0.0 1083.5
0 1.0 3498.0 0.0 2134.0
0 1.0 7303.5 0.0 -1000.0
evaluation 2
0 1.0 2100.0 0.0 -876.0
0 0.0 951.5 1.0 1590.0
0 1.0 932.5 0.0 0.0
evaluation 3
0 1.0 2300.0 0.0 1372.5
0 0.0 552.0 1.0 3158.5
0 1.0 1924.0 0.0 0.0
evaluation 4
0 1.0 2300.0 0.0 1043.5
0 1.0 4712.5 0.0 -229.0
0 1.0 5932.5 0.0 0.0
evaluation 5
0 1.0 1200.0 0.0 399.5
0 1.0 2953.0 0.0 245.5
0 1.0 7016.5 0.0 0.0
evaluation 6
0 1.0 100.0 0.0 -585.5
0 1.0 4112.5 0.0 151.0
0 1.0 11598.0 0.0 0.0
evaluation 7
0 0.0 100.0 1.0 628.0
0 1.0 1172.0 0.0 -33.5
0 1.0 5105.5 0.0 0.0
evaluation 8
0 0.0 100.0 1.0 386.5
0 1.0 4451.0 0.0 166.5
0 1.0 666.0 0.0 0.0
evaluation 9
0 1.0 100.0 0.0 -165.0
0 1.0 1543.0 0.0 0.0
0 1.0 7826.5 0.0 0.0
evaluation 10
0 0.0 -1000.0 1.0 -221.0
0 1.0 638.5 0.0 0.0
0 1.0 2883.0 0.0 0.0
evaluation 11
0 0.0 -1000.0 1.0 -667.5
0 1.0 1707.0 0.0 0.0
0 1.0 1042.0 0.0 0.0
evaluation 12
0 0.0 -1000.0 1.0 -483.0
0 1.0 -286.5 0.0 -338.0
0 1.0 1878.0 0.0 0.0
evaluation 13
0 0.0 -800.0 1.0 867.5
0 0.0 692.0 1.0 1459.0
0 1.0 2584.0 0.0 1700.0
evaluation 14
0 0.0 400.0 1.0 1500.5
0 1.0 1037.5 0.0 -25.0
0 1.0 2324.5 0.0 558.0
evaluation 15
0 0.0 800.0 1.0 1312.9
0 0.0 1607.3 1.0 1691.4
0 1.0 2636.2 0.0 2255.3
evaluation 16
0 0.0 800.0 1.0 1666.0
0 1.0 2332.8 0.0 1220.0
0 1.0 3377.6 0.0 1167.9
evaluation 17
0 0.0 1200.0 1.0 1544.5
0 0.0 982.1 1.0 2319.3
0 1.0 2148.9 0.0 1575.1
evaluation 18
0 0.0 900.0 1.0 1386.8
0 1.0 894.7 0.0 776.9
0 1.0 2321.7 0.0 1341.8
evaluation 19
0 0.0 600.0 1.0 676.8
0 0.0 901.0 1.0 2175.9
0 1.0 1551.5 0.0 933.5
evaluation 20
0 1.0 0.0 0.0 -1798.2
0 1.0 2962.4 0.0 -1798.2
0 1.0 3709.2 0.0 -1798.2
evaluation 21
0 1.0 1200.0 0.0 -1798.2
0 1.0 1084.9 0.0 -1798.2
0 1.0 3946.1 0.0 -1798.2
evaluation 22
0 1.0 1700.0 0.0 -1800.0
0 1.0 4499.4 0.0 -1800.0
0 1.0 7028.0 0.0 -1800.0
evaluation 23
0 0.5 -1800.0 0.5 -1800.0
0 1.0 2507.6 0.0 -1800.0
0 1.0 9383.4 0.0 -1800.0
evaluation 24
0 1.0 600.0 0.0 0.0
0 1.0 2543.5 0.0 0.0
0 1.0 5532.5 0.0 0.0
evaluation 25
0 1.0 600.0 0.0 0.0
0 1.0 1368.7 0.0 0.0
0 1.0 2144.2 0.0 0.0
evaluation 26
0 1.0 -500.0 0.0 -1800.0
0 1.0 1812.3 0.0 -1800.0
0 1.0 5522.0 0.0 -1800.0
evaluation 27
0 1.0 -500.0 0.0 -1800.0
0 1.0 3460.2 0.0 -1800.0
0 1.0 7102.5 0.0 -1800.0
evaluation 28
0 1.0 100.0 0.0 -1800.0
0 1.0 3693.5 0.0 -1800.0
0 1.0 5857.4 0.0 -1800.0
evaluation 29
0 1.0 100.0 0.0 -1800.0
0 1.0 2771.2 0.0 -1800.0
0 1.0 7271.1 0.0 -1790.0
evaluation 30
0 1.0 100.0 0.0 -1800.0
0 1.0 1224.8 0.0 -1800.0
0 1.0 5235.8 0.0 -1800.0
evaluation 31
0 1.0 100.0 0.0 -1800.0
0 1.0 2952.1 0.0 -1800.0
0 1.0 5224.8 0.0 -1800.0
evaluation 32
0 1.0 100.0 0.0 -1790.0
0 1.0 2719.6 0.0 -1800.0
0 1.0 2827.4 0.0 -1800.0
evaluation 33
0 1.0 100.0 0.0 -1800.0
0 1.0 2989.0 0.0 -1800.0
0 1.0 3425.0 0.0 -1800.0
evaluation 34
0 1.0 17000.0 0.0 -1800.0
0 1.0 4070.9 0.0 -1800.0
0 1.0 10543.3 0.0 -1800.0
evaluation 35
0 0.0 -500.0 1.0 2807.0
0 0.0 1027.9 1.0 1730.4
0 1.0 2543.8 0.0 1973.5
evaluation 36
0 0.0 300.0 1.0 1262.8
0 0.0 442.8 1.0 795.2
0 1.0 3564.4 0.0 495.2
evaluation 37
0 0.0 -400.0 1.0 552.0
0 1.0 2486.4 0.0 1238.4
0 1.0 2774.8 0.0 310.4
evaluation 38
0 0.0 -1000.0 1.0 1172.0
0 0.0 820.0 1.0 2088.8
0 1.0 2380.0 0.0 1726.4
evaluation 39
0 0.0 -700.0 1.0 2636.4
0 1.0 1494.4 0.0 1210.4
0 0.0 1231.1999999999998 1.0 1861.6
evaluation 40
0 0.0 -1300.0 1.0 1254.7
0 0.0 402.8000000000002 1.0 1552.5
0 1.0 717.5 0.0 4.400000000000091
evaluation 41
0 0.0 -1500.0 1.0 2904.5
0 1.0 1102.3000000000002 0.0 98.80000000000018
0 1.0 5896.7 0.0 2416.0
evaluation 42
0 0.0 -1700.0 1.0 -102.19999999999982
0 0.0 392.60000000000014 1.0 440.10000000000014
0 1.0 2743.6000000000004 0.0 -208.19999999999982
evaluation 43
0 0.0 -1900.0 1.0 2000.6000000000001
0 1.0 1867.3000000000002 0.0 1714.7
0 1.0 2248.9 0.0 -535.5
evaluation 44
0 0.0 -1600.0 1.0 1823.1000000000001
0 0.0 126.40000000000009 1.0 1325.8000000000002
0 1.0 2073.5 0.0 724.3000000000002
evaluation 45
0 0.0 -1600.0 1.0 302.10000000000014
0 0.0 109.10000000000014 1.0 788.9000000000001
0 1.0 2706.6000000000004 0.0 1522.0
evaluation 46
0 0.0 -1200.0 1.0 1190.0
0 1.0 1538.4 0.0 708.8000000000002
0 0.0 1568.1000000000001 1.0 2218.4
evaluation 47
0 0.0 -1700.0 1.0 3040.4
0 0.0 1300.1 1.0 1398.2
0 1.0 1348.5 0.0 769.2
evaluation 48
0 0.0 -2200.0 1.0 720.0
0 1.0 1438.2 0.0 822.9000000000001
0 1.0 4708.0 0.0 3111.1000000000004
evaluation 49
0 0.0 -2100.0 1.0 461.70000000000005
0 0.0 -95.0 1.0 248.4000000000001
0 1.0 1355.7 0.0 -615.3
evaluation 50
0 0.0 -390.0 1.0 1254.6
0 1.0 1632.4 0.0 1085.5
0 1.0 4368.1 0.0 1793.1
evaluation 51
0 0.0 100.0 1.0 359.90000000000003
0 0.0 1252.2 1.0 2005.4
0 1.0 3482.3 0.0 1377.4
evaluation 52
0 0.0 1100.0 1.0 1562.7
0 1.0 2431.0 0.0 2269.8
0 1.0 4823.2 0.0 2131.7
evaluation 53
0 0.0 1600.0 1.0 1602.8
0 0.0 1792.2 1.0 2506.4
0 1.0 2407.6 0.0 898.2
evaluation 54
0 0.0 800.0 1.0 1502.9
0 1.0 2708.3 0.0 2477.5
0 1.0 5110.0 0.0 2010.0
evaluation 55
0 0.0 1400.0 1.0 1492.9
0 1.0 3312.8 0.0 795.6
0 1.0 2297.4 0.0 1182.0
evaluation 56
0 0.0 400.0 1.0 794.6
0 1.0 2199.2 0.0 1196.4
0 1.0 2115.5 0.0 282.9
evaluation 57
0 1.0 700.0 0.0 611.1
0 1.0 900.0 0.0 590.1
0 1.0 1907.3 0.0 288.3
evaluation 58
0 1.0 700.0 0.0 188.3
0 0.0 391.0 1.0 1404.7
0 1.0 2610.0 0.0 1103.7
evaluation 59
0 1.0 600.0 0.0 393.7
0 1.0 988.3 0.0 981.1
0 1.0 4105.5 0.0 2320.0
evaluation 60
0 0.0 1600.0 1.0 3297.4
0 0.0 3001.1 1.0 3710.0
0 1.0 5010.0 0.0 4211.9
evaluation 61
0 0.0 1400.0 1.0 2004.6
0 1.0 3310.0 0.0 2400.0
0 1.0 4710.0 0.0 3010.0
evaluation 62
0 0.0 2100.0 1.0 3710.0
0 1.0 4810.0 0.0 4510.0
0 0.0 2075.7 1.0 2600.0
evaluation 63
0 0.0 1400.0 1.0 4606.5
0 0.0 2691.1 1.0 4210.0
0 0.0 4077.5 1.0 4491.9
evaluation 64
0 0.0 1900.0 1.0 2797.4
0 0.0 2600.1 1.0 4797.3
0 0.0 1382.0 1.0 2400.0
evaluation 65
0 0.0 1400.0 1.0 6610.0
0 0.0 3200.1 1.0 5210.0
0 1.0 8113.7 0.0 7004.6
evaluation 66
0 0.0 1900.0 1.0 3806.4
0 0.0 4502.9 1.0 7595.6
0 0.0 2503.7 1.0 8604.6
evaluation 67
0 0.0 1400.0 1.0 4200.0
0 1.0 6520.0 0.0 4000.0
0 0.0 3700.0 1.0 5620.0
evaluation 68
0 0.0 3000.0 1.0 4920.0
0 0.0 2110.0 1.0 4700.0
0 0.0 4210.0 1.0 7810.0
evaluation 69
0 0.0 2300.0 1.0 7110.0
0 0.0 4000.0 1.0 4210.0
0 0.0 3700.0 1.0 8430.0
evaluation 70
0 0.0 3200.0 1.0 6610.0
0 0.0 2700.0 1.0 6310.0
0 0.0 5320.0 1.0 5700.0
evaluation 71
0 0.0 2000.0 1.0 8120.0
0 1.0 3910.0 0.0 3800.0
0 0.0 2100.0 1.0 3100.0
evaluation 72
0 0.0 2400.0 1.0 5000.0
0 0.0 2200.0 1.0 5700.0
0 1.0 6540.0 0.0 4000.0
evaluation 73
0 0.0 2200.0 1.0 4200.0
0 0.0 3700.0 1.0 5300.0
0 0.0 4620.0 1.0 6200.0
evaluation 74
0 0.0 2000.0 1.0 5020.0
0 0.0 2200.0 1.0 2210.0
0 0.0 2700.0 1.0 6220.0
evaluation 75
0 0.0 2300.0 1.0 3410.0
0 0.0 3800.0 1.0 5920.0
0 0.0 5920.0 1.0 7310.0
evaluation 76
0 0.5 1900.0 0.5 1900.0
0 1.0 2920.0 0.0 2100.0
0 1.0 8720.0 0.0 2100.0
evaluation 77
0 0.5 1900.0 0.5 1900.0
0 1.0 3620.0 0.0 2300.0
0 1.0 5010.0 0.0 1900.0
evaluation 78
0 0.5 1900.0 0.5 1900.0
0 1.0 3799.6 0.0 1300.0
0 1.0 5310.0 0.0 2200.0
evaluation 79
0 0.5 1900.0 0.5 1900.0
0 1.0 2089.6 0.0 1600.0
0 1.0 5298.4 0.0 2800.0
evaluation 80
0 0.5 1900.0 0.5 1900.0
0 1.0 4201.2 0.0 2300.0
0 1.0 4310.0 0.0 1700.0
evaluation 81
0 0.5 1900.0 0.5 1900.0
0 1.0 3697.9 0.0 2000.0
0 1.0 4307.3 0.0 1500.0
evaluation 82
0 0.5 1700.0 0.5 1700.0
0 1.0 3308.5 0.0 2400.0
0 1.0 4006.1 0.0 1500.0
evaluation 83
0 0.5 1300.0 0.5 1300.0
0 1.0 1606.4 0.0 1100.0
0 1.0 4410.0 0.0 1700.0
evaluation 84
0 0.5 2200.0 0.5 2200.0
0 1.0 4798.8 0.0 3500.0
0 1.0 7009.4 0.0 3700.0
evaluation 85
0 0.5 2200.0 0.5 2200.0
0 1.0 6506.1 0.0 4400.0
0 1.0 7412.8 0.0 2400.0
evaluation 86
0 0.5 2200.0 0.5 2200.0
0 1.0 4600.0 0.0 2900.0
0 1.0 6810.0 0.0 4200.0
evaluation 87
0 0.5 2200.0 0.5 2200.0
0 1.0 5774.4 0.0 3900.0
0 1.0 6000.1 0.0 3300.0
evaluation 88
0 0.5 2200.0 0.5 2200.0
0 1.0 5699.1 0.0 3800.0
0 1.0 9012.3 0.0 3500.0
evaluation 89
0 0.5 2200.0 0.5 2200.0
0 1.0 4897.2 0.0 3200.0
0 1.0 7011.3 0.0 3200.0
evaluation 90
0 0.5 2200.0 0.5 2200.0
0 1.0 5263.1 0.0 3500.0
0 1.0 6295.6 0.0 3300.0
evaluation 91
0 0.5 2200.0 0.5 2200.0
0 0.0 4537.1 1.0 4800.0
0 1.0 6640.3 0.0 2900.0
evaluation 92
0 0.5 2200.0 0.5 2200.0
0 1.0 6695.7 0.0 3300.0
0 1.0 3701.0 0.0 3600.0
evaluation 93
0 0.5 2200.0 0.5 2200.0
0 1.0 4888.3 0.0 3700.0
0 1.0 5190.1 0.0 3500.0
evaluation 94
0 0.5 2200.0 0.5 2200.0
0 1.0 5791.4 0.0 3600.0
0 1.0 4972.1 0.0 2800.0
evaluation 95
0 0.5 2200.0 0.5 2200.0
0 1.0 5802.6 0.0 3500.0
0 1.0 7595.3 0.0 3600.0
evaluation 96
0 0.5 2200.0 0.5 2200.0
0 1.0 4985.7 0.0 2800.0
0 1.0 5283.5 0.0 2200.0
evaluation 97
0 0.5 1700.0 0.5 1700.0
0 1.0 5094.2 0.0 2600.0
0 1.0 2300.0 0.0 2100.0
evaluation 98
0 0.5 1700.0 0.5 1700.0
0 1.0 5390.8 0.0 2000.0
0 1.0 4684.4 0.0 2600.0
evaluation 99
0 0.5 1700.0 0.5 1700.0
0 1.0 4690.2 0.0 2800.0
0 1.0 8111.1 0.0 2500.0
0 0.5 1700.0 0.5 1700.0
0 1.0 3688.9 0.0 2300.0
0 1.0 5410.7 0.0 2500.0
9740681 ms elapsed
Best solution first found at eval: 24
Best solution: [7, 5, 8, 80, 2, 1, 0, 0, 1, 0, 1, 0, 1, 1, 0, 0, 0, 1, 0, 1, 0, 75, 2, 9, 0, 20, 0, 400, 200, 1]
Best fitness: 68.75800000000004
Final solution: [5, 8, 8, 100, 1, 1, 0, 0, 1, 0, 1, 0, 0, 1, 1, 0, 0, 1, 0, 1, 0, 75, 1, 3, 20, 10, 1, 500, 200, 0]
Final fitness: 15.218000000000075
Number of visits to optimal: 0
Total number of evaluations: 101