evaluation 0
0 1.0 1200.0 0.0 0.0
0 1.0 1197.2 0.0 0.0
0 1.0 6297.8 0.0 0.0
evaluation 1
0 1.0 1200.0 0.0 0.0
0 1.0 1387.0 0.0 0.0
0 1.0 7721.4 0.0 0.0
evaluation 2
0 0.5 0.0 0.5 0.0
0 0.0 -3.4000000000000004 1.0 0.0
0 1.0 4205.2 0.0 0.0
evaluation 3
0 0.5 0.0 0.5 0.0
0 1.0 11.599999999999998 0.0 0.0
0 1.0 808.8 0.0 0.0
evaluation 4
0 1.0 10.0 0.0 0.0
0 1.0 3188.6 0.0 0.0
0 1.0 2.3999999999999995 0.0 0.0
evaluation 5
0 0.5 0.0 0.5 0.0
0 1.0 875.6 0.0 0.0
0 1.0 1485.6 0.0 0.0
evaluation 6
0 0.5 0.0 0.5 0.0
0 1.0 1479.2 0.0 0.0
0 1.0 1789.2 0.0 0.0
evaluation 7
0 0.5 0.0 0.5 0.0
0 1.0 1286.4 0.0 0.0
0 1.0 578.8 0.0 0.0
evaluation 8
0 0.5 0.0 0.5 0.0
0 1.0 2090.8 0.0 0.0
0 1.0 1898.0 0.0 0.0
evaluation 9
0 0.5 0.0 0.5 0.0
0 1.0 1849.6 0.0 0.0
0 1.0 2503.2 0.0 0.0
evaluation 10
0 0.5 0.0 0.5 0.0
0 1.0 960.4 0.0 0.0
0 1.0 2898.8 0.0 0.0
evaluation 11
0 1.0 900.0 0.0 780.4
0 1.0 3252.0 0.0 2359.2
0 0.0 2579.6 1.0 3878.8
evaluation 12
0 0.5 0.0 0.5 0.0
0 1.0 3787.6 0.0 1100.0
0 1.0 2988.8 0.0 500.0
evaluation 13
0 0.5 0.0 0.5 0.0
0 1.0 1093.6 0.0 0.0
0 1.0 1106.4 0.0 400.0
evaluation 14
0 0.5 0.0 0.5 0.0
0 1.0 2670.0 0.0 900.0
0 1.0 1297.2 0.0 800.0
evaluation 15
0 0.5 0.0 0.5 0.0
0 1.0 2180.0 0.0 0.0
0 1.0 5098.8 0.0 3200.0
evaluation 16
0 0.5 0.0 0.5 0.0
0 1.0 1453.6 0.0 500.0
0 1.0 5302.4 0.0 1400.0
evaluation 17
0 1.0 0.0 0.0 -800.0
0 1.0 582.4 0.0 -600.0
0 1.0 3764.0 0.0 700.0
evaluation 18
0 1.0 0.0 0.0 -800.0
0 1.0 5286.4 0.0 1100.0
0 1.0 7810.4 0.0 300.0
evaluation 19
0 1.0 0.0 0.0 -800.0
0 1.0 3468.0 0.0 1500.0
0 1.0 9294.4 0.0 800.0
evaluation 20
0 1.0 0.0 0.0 -800.0
0 1.0 4034.4 0.0 1900.0
0 1.0 2221.2 0.0 500.0
evaluation 21
0 1.0 0.0 0.0 -800.0
0 0.0 668.4 1.0 1800.0
0 1.0 4924.8 0.0 200.0
evaluation 22
0 1.0 0.0 0.0 -800.0
0 1.0 1272.8 0.0 900.0
0 1.0 1796.8 0.0 400.0
evaluation 23
0 0.5 0.0 0.5 0.0
0 1.0 2496.8 0.0 2000.0
0 1.0 3276.8 0.0 300.0
evaluation 24
0 0.5 0.0 0.5 0.0
0 1.0 3538.0 0.0 500.0
0 1.0 6985.6 0.0 1400.0
evaluation 25
0 0.5 0.0 0.5 0.0
0 0.0 172.0 1.0 700.0
0 0.0 777.2 1.0 800.0
evaluation 26
0 0.5 0.0 0.5 0.0
0 1.0 3575.2 0.0 1100.0
0 1.0 4592.4 0.0 900.0
evaluation 27
0 0.5 0.0 0.5 0.0
0 1.0 3694.8 0.0 1100.0
0 1.0 5417.2 0.0 1500.0
evaluation 28
0 0.5 0.0 0.5 0.0
0 1.0 4505.6 0.0 1900.0
0 1.0 2921.2 0.0 400.0
evaluation 29
0 0.5 0.0 0.5 0.0
0 0.0 114.8 1.0 500.0
0 0.0 306.8 1.0 1400.0
evaluation 30
0 0.5 0.0 0.5 0.0
0 0.0 -12.399999999999999 1.0 1300.0
0 1.0 6094.0 0.0 1400.0
evaluation 31
0 0.5 0.0 0.5 0.0
0 1.0 3668.0 0.0 1700.0
0 1.0 8092.8 0.0 1500.0
evaluation 32
0 0.5 1500.0 0.5 1500.0
0 1.0 4959.2 0.0 1100.0
0 1.0 5306.8 0.0 1700.0
evaluation 33
0 0.5 1500.0 0.5 1500.0
0 1.0 7288.4 0.0 2000.0
0 1.0 4391.6 0.0 1700.0
evaluation 34
0 0.5 1500.0 0.5 1500.0
0 0.0 565.2 1.0 1600.0
0 1.0 7714.0 0.0 1600.0
evaluation 35
0 0.5 600.0 0.5 600.0
0 1.0 3950.8 0.0 500.0
0 1.0 3888.4 0.0 400.0
evaluation 36
0 0.5 1200.0 0.5 1200.0
0 1.0 1283.2 0.0 1100.0
0 1.0 2989.2 0.0 1000.0
evaluation 37
0 0.5 1200.0 0.5 1200.0
0 1.0 2595.2 0.0 1200.0
0 1.0 7307.6 0.0 900.0
evaluation 38
0 0.5 1200.0 0.5 1200.0
0 0.0 192.0 1.0 1100.0
0 1.0 2280.3 0.0 1100.0
evaluation 39
0 0.5 1200.0 0.5 1200.0
0 1.0 2295.8 0.0 1300.0
0 1.0 5574.0 0.0 900.0
evaluation 40
0 0.0 1200.0 1.0 1410.0
0 1.0 3105.6 0.0 1000.0
0 1.0 5650.6 0.0 900.0
evaluation 41
0 0.0 1200.0 1.0 1410.0
0 0.0 116.0 1.0 1400.0
0 1.0 4481.2 0.0 1000.0
evaluation 42
0 0.5 1200.0 0.5 1200.0
0 0.0 702.0 1.0 1100.0
0 1.0 7264.0 0.0 1100.0
evaluation 43
0 0.5 1200.0 0.5 1200.0
0 1.0 3726.4 0.0 1000.0
0 1.0 2757.6 0.0 1400.0
evaluation 44
0 0.5 1200.0 0.5 1200.0
0 0.0 141.6 1.0 1000.0
0 1.0 5276.4 0.0 1000.0
evaluation 45
0 0.5 1200.0 0.5 1200.0
0 1.0 2118.0 0.0 1200.0
0 1.0 5748.8 0.0 1100.0
evaluation 46
0 0.5 1200.0 0.5 1200.0
0 0.0 635.6 1.0 1000.0
0 1.0 1940.4 0.0 1100.0
evaluation 47
0 0.5 1000.0 0.5 1000.0
0 1.0 695.6 0.0 600.0
0 1.0 4163.6 0.0 500.0
evaluation 48
0 0.5 1000.0 0.5 1000.0
0 0.0 591.0 1.0 800.0
0 1.0 3896.8 0.0 400.0
evaluation 49
0 0.5 1000.0 0.5 1000.0
0 1.0 3607.8 0.0 600.0
0 1.0 1003.4 0.0 400.0
evaluation 50
0 0.5 700.0 0.5 700.0
0 0.0 406.6 1.0 700.0
0 1.0 3905.2 0.0 500.0
evaluation 51
0 0.5 700.0 0.5 700.0
0 0.0 278.8 1.0 800.0
0 1.0 4693.6 0.0 700.0
evaluation 52
0 0.5 700.0 0.5 700.0
0 1.0 4310.6 0.0 600.0
0 1.0 6010.0 0.0 600.0
evaluation 53
0 0.5 700.0 0.5 700.0
0 1.0 1210.8 0.0 600.0
0 1.0 3695.8 0.0 600.0
evaluation 54
0 0.5 700.0 0.5 700.0
0 1.0 1806.0 0.0 700.0
0 1.0 3693.0 0.0 600.0
evaluation 55
0 0.5 700.0 0.5 700.0
0 1.0 605.4 0.0 600.0
0 1.0 3409.2 0.0 300.0
evaluation 56
0 0.5 900.0 0.5 900.0
0 1.0 2005.8 0.0 1100.0
0 1.0 4115.6 0.0 1500.0
evaluation 57
0 0.5 900.0 0.5 900.0
0 0.0 877.0 1.0 1800.0
0 1.0 5713.6 0.0 900.0
evaluation 58
0 0.5 900.0 0.5 900.0
0 1.0 2606.0 0.0 1200.0
0 1.0 5705.2 0.0 900.0
evaluation 59
0 0.5 900.0 0.5 900.0
0 1.0 1999.8 0.0 1100.0
0 1.0 4920.0 0.0 900.0
evaluation 60
0 0.5 1700.0 0.5 1700.0
0 1.0 3807.8 0.0 1600.0
0 1.0 4910.0 0.0 1600.0
evaluation 61
0 0.5 1700.0 0.5 1700.0
0 0.0 1588.6 1.0 1600.0
0 1.0 4892.0 0.0 1500.0
evaluation 62
0 0.5 1700.0 0.5 1700.0
0 0.0 1297.4 1.0 2700.0
0 1.0 4300.0 0.0 1500.0
evaluation 63
0 0.5 1700.0 0.5 1700.0
0 1.0 4409.4 0.0 2000.0
0 1.0 3220.0 0.0 1700.0
evaluation 64
0 0.5 1700.0 0.5 1700.0
0 1.0 2398.2 0.0 1900.0
0 1.0 7210.0 0.0 2500.0
evaluation 65
0 0.5 1700.0 0.5 1700.0
0 1.0 2609.8 0.0 2000.0
0 1.0 4499.2 0.0 1700.0
evaluation 66
0 0.5 1700.0 0.5 1700.0
0 1.0 3099.2 0.0 2400.0
0 1.0 2910.0 0.0 1900.0
evaluation 67
0 1.0 1700.0 0.0 0.0
0 1.0 1599.4 0.0 0.0
0 1.0 6710.0 0.0 0.0
evaluation 68
0 1.0 1700.0 0.0 0.0
0 1.0 2710.0 0.0 0.0
0 1.0 4510.0 0.0 0.0
evaluation 69
0 1.0 1600.0 0.0 0.0
0 1.0 2019.2 0.0 0.0
0 1.0 5119.4 0.0 0.0
evaluation 70
0 1.0 1600.0 0.0 0.0
0 1.0 495.8 0.0 0.0
0 1.0 4899.2 0.0 0.0
evaluation 71
0 1.0 2400.0 0.0 0.0
0 1.0 8118.2 0.0 0.0
0 1.0 6098.4 0.0 10.0
evaluation 72
0 1.0 2200.0 0.0 0.0
0 1.0 6662.2 0.0 0.0
0 1.0 8589.2 0.0 0.0
evaluation 73
0 1.0 2200.0 0.0 0.0
0 1.0 4142.0 0.0 0.0
0 1.0 8760.6 0.0 0.0
evaluation 74
0 1.0 2200.0 0.0 0.0
0 1.0 5980.0 0.0 0.0
0 1.0 9485.2 0.0 0.0
evaluation 75
0 1.0 2300.0 0.0 741.4
0 1.0 6869.2 0.0 100.0
0 1.0 6276.6 0.0 0.0
evaluation 76
0 1.0 2200.0 0.0 0.0
0 1.0 5064.0 0.0 0.0
0 1.0 5341.2 0.0 0.0
evaluation 77
0 1.0 2200.0 0.0 0.0
0 1.0 1548.0 0.0 0.0
0 1.0 6966.6 0.0 0.0
evaluation 78
0 1.0 2200.0 0.0 0.0
0 1.0 3458.4 0.0 0.0
0 1.0 9174.0 0.0 0.0
evaluation 79
0 1.0 2200.0 0.0 0.0
0 1.0 3148.0 0.0 0.0
0 1.0 7473.4 0.0 0.0
evaluation 80
0 1.0 2200.0 0.0 0.0
0 1.0 5068.2 0.0 0.0
0 1.0 8561.4 0.0 0.0
evaluation 81
0 1.0 2200.0 0.0 0.0
0 1.0 4753.0 0.0 10.0
0 1.0 4255.2 0.0 0.0
evaluation 82
0 1.0 2200.0 0.0 0.0
0 1.0 3653.4 0.0 0.0
0 1.0 5782.4 0.0 0.0
evaluation 83
0 1.0 2200.0 0.0 0.0
0 1.0 4841.2 0.0 0.0
0 1.0 8907.0 0.0 0.0
evaluation 84
0 1.0 2200.0 0.0 0.0
0 1.0 3064.0 0.0 0.0
0 1.0 6881.0 0.0 0.0
evaluation 85
0 1.0 2400.0 0.0 10.0
0 1.0 5410.0 0.0 0.0
0 1.0 6400.0 0.0 0.0
evaluation 86
0 1.0 2400.0 0.0 0.0
0 1.0 2600.0 0.0 0.0
0 1.0 6800.0 0.0 0.0
evaluation 87
0 1.0 2400.0 0.0 0.0
0 1.0 4720.0 0.0 0.0
0 1.0 5900.0 0.0 0.0
evaluation 88
0 1.0 2400.0 0.0 0.0
0 1.0 5410.0 0.0 0.0
0 1.0 7120.0 0.0 0.0
evaluation 89
0 1.0 2400.0 0.0 0.0
0 1.0 4000.0 0.0 0.0
0 1.0 5910.0 0.0 0.0
evaluation 90
0 1.0 2400.0 0.0 100.0
0 1.0 3620.0 0.0 0.0
0 1.0 10340.0 0.0 0.0
evaluation 91
0 1.0 2400.0 0.0 0.0
0 1.0 4510.0 0.0 0.0
0 1.0 6600.0 0.0 0.0
evaluation 92
0 1.0 2400.0 0.0 0.0
0 1.0 3420.0 0.0 0.0
0 1.0 8610.0 0.0 0.0
evaluation 93
0 1.0 2000.0 0.0 0.0
0 1.0 3300.0 0.0 0.0
0 1.0 2800.0 0.0 0.0
evaluation 94
0 1.0 2000.0 0.0 0.0
0 1.0 5820.0 0.0 0.0
0 1.0 6230.0 0.0 0.0
evaluation 95
0 1.0 2000.0 0.0 0.0
0 1.0 4120.0 0.0 0.0
0 1.0 8520.0 0.0 0.0
evaluation 96
0 1.0 2000.0 0.0 0.0
0 1.0 6120.0 0.0 0.0
0 1.0 9130.0 0.0 0.0
evaluation 97
0 1.0 2000.0 0.0 0.0
0 1.0 3610.0 0.0 0.0
0 1.0 4000.0 0.0 0.0
evaluation 98
0 1.0 2000.0 0.0 0.0
0 1.0 5630.0 0.0 0.0
0 1.0 7720.0 0.0 0.0
evaluation 99
0 1.0 2000.0 0.0 0.0
0 1.0 4520.0 0.0 0.0
0 1.0 5800.0 0.0 0.0
0 1.0 2000.0 0.0 0.0
0 1.0 2000.0 0.0 0.0
0 1.0 5210.0 0.0 0.0
11613238 ms elapsed
Best solution first found at eval: 38
Best solution: [10, 2, 8, 60, 2, 1, 0, 1, 1, 1, 1, 0, 0, 1, 0, 0, 1, 1, 1, 0, 0, 50, 0, 4, 10, 40, 0, 400, 200, 0]
Best fitness: 50.124000000000024
Final solution: [6, 1, 2, 140, 1, 0, 0, 1, 0, 1, 1, 1, 0, 1, 0, 0, 1, 0, 1, 0, 0, 100, 3, 1, 10, 20, 1, 400, 200, 4]
Final fitness: 0.0
Number of visits to optimal: 0
Total number of evaluations: 101