Best fitness stats:
evaluation 0
0 0.5 0.0 0.5 0.0
0 0.0 -14.0 1.0 0.0
0 1.0 4.6000000000000005 0.0 0.0
evaluation 1
0 0.5 0.0 0.5 0.0
0 0.0 -12.200000000000001 1.0 0.0
0 1.0 3694.7 0.0 0.0
evaluation 2
0 0.5 0.0 0.5 0.0
0 1.0 539.8 0.0 0.0
0 1.0 2503.8 0.0 0.0
evaluation 3
0 0.5 0.0 0.5 0.0
0 0.0 -75.6 1.0 0.0
0 1.0 2379.2 0.0 0.0
evaluation 4
0 0.5 0.0 0.5 0.0
0 1.0 569.8 0.0 0.0
0 0.0 -8.0 1.0 0.0
evaluation 5
0 0.5 0.0 0.5 0.0
0 0.0 -14.0 1.0 0.0
0 0.0 -15.0 1.0 0.0
evaluation 6
0 0.5 900.0 0.5 900.0
0 0.0 483.8 1.0 1200.0
0 1.0 7700.0 0.0 1100.0
evaluation 7
0 0.5 900.0 0.5 900.0
0 1.0 2520.0 0.0 1000.0
0 1.0 9410.0 0.0 1000.0
evaluation 8
0 0.5 910.0 0.5 910.0
0 1.0 3120.0 0.0 900.0
0 1.0 8220.0 0.0 1400.0
evaluation 9
0 1.0 1010.0 0.0 0.0
0 1.0 4166.2 0.0 0.0
0 1.0 6594.0 0.0 0.0
0 1.0 1000.0 0.0 0.0
0 1.0 6806.8 0.0 0.0
0 1.0 11710.0 0.0 0.0
171353 ms elapsed
Best solution first found at eval: 8
Best solution: [9, 1, 6, 40, 2, 0, 0, 0, 0, 1, 0, 0, 0, 1, 1, 0, 0, 1, 0, 0, 0, 50, 0, 6, 10, 10, 1, 400, 200, 0]
Best fitness: 68.89999999999986
Final solution: [9, 1, 6, 40, 2, 0, 1, 0, 0, 0, 0, 0, 0, 1, 1, 0, 0, 1, 0, 0, 0, 50, 0, 6, 10, 10, 2, 400, 200, 1]
Final fitness: 49.031999999999925
Number of visits to optimal: 0
Total number of evaluations: 11

evaluation 0
0 0.0 4300.0 1.0 7010.0
0 0.0 8010.0 1.0 10210.0
0 1.0 7610.0 0.0 7420.0
evaluation 1
0 0.0 4200.0 1.0 5410.0
0 1.0 7410.0 0.0 6610.0
0 1.0 9610.0 0.0 3710.0
evaluation 2
0 0.0 3800.0 1.0 6210.0
0 0.0 5600.0 1.0 11720.0
0 1.0 7800.0 0.0 6620.0
evaluation 3
0 0.0 4300.0 1.0 7020.0
0 1.0 9620.0 0.0 7700.0
0 1.0 11810.0 0.0 7110.0
evaluation 4
0 0.0 2900.0 1.0 7302.8
0 0.0 4197.4 1.0 4392.8
0 1.0 8204.7 0.0 5186.8
evaluation 5
0 0.0 3300.0 1.0 5299.3
0 0.0 6899.7 1.0 10619.2
0 1.0 8119.5 0.0 4599.3
evaluation 6
0 0.0 3900.0 1.0 4609.3
0 0.0 8407.9 1.0 10119.1
0 1.0 10517.9 0.0 6209.6
evaluation 7
0 0.0 3800.0 1.0 8692.6
0 1.0 7992.8 0.0 5605.2
0 1.0 9718.2 0.0 8104.6
evaluation 8
0 0.0 1100.0 1.0 3402.8
0 1.0 3105.8 0.0 2707.0
0 1.0 4385.6 0.0 2317.6
evaluation 9
0 0.0 1000.0 1.0 3820.0
0 0.0 2418.8 1.0 8310.0
0 1.0 5218.2 0.0 5100.0
0 0.0 4100.0 1.0 10520.0
0 1.0 9520.0 0.0 7400.0
0 1.0 11910.0 0.0 9820.0
506616 ms elapsed
Best solution first found at eval: 2
Best solution: [9, 2, 6, 140, 4, 1, 0, 1, 0, 1, 0, 0, 1, 0, 0, 1, 1, 0, 1, 1, 1, 25, 1, 0, 0, 40, 1, 500, 200, 2]
Best fitness: 51.000000000000114
Final solution: [9, 2, 6, 140, 4, 1, 0, 1, 0, 1, 0, 0, 1, 0, 0, 1, 1, 0, 1, 1, 1, 25, 1, 0, 0, 40, 1, 500, 200, 2]
Final fitness: -0.3000000000001819
Number of visits to optimal: 0
Total number of evaluations: 11

evaluation 0
0 0.0 -2007.5 1.0 -2000.0
0 1.0 7738.5 0.0 -2000.0
0 1.0 -342.0 0.0 -2000.0
evaluation 1
0 0.0 -4000.0 1.0 -2007.5
0 1.0 -675.0 0.0 -2007.5
0 1.0 12003.5 0.0 -2007.5
evaluation 2
0 1.0 -2006.5 0.0 -2007.5
0 1.0 543.0 0.0 -2007.5
0 1.0 -367.0 0.0 -2007.5
evaluation 3
0 1.0 4100.0 0.0 0.0
0 1.0 9992.5 0.0 0.0
0 1.0 12170.0 0.0 0.0
evaluation 4
0 1.0 3700.0 0.0 0.0
0 1.0 8403.5 0.0 0.0
0 1.0 8407.0 0.0 0.0
evaluation 5
0 1.0 2100.0 0.0 0.0
0 1.0 3583.5 0.0 0.0
0 1.0 4606.5 0.0 0.0
evaluation 6
0 1.0 2400.0 0.0 0.0
0 1.0 2987.0 0.0 0.0
0 1.0 7910.0 0.0 0.0
evaluation 7
0 1.0 300.0 0.0 -1000.0
0 1.0 4166.5 0.0 -1000.0
0 1.0 8255.0 0.0 -1000.0
evaluation 8
0 1.0 300.0 0.0 -1000.0
0 1.0 3054.0 0.0 -1000.0
0 1.0 8693.5 0.0 -1000.0
evaluation 9
0 1.0 2700.0 0.0 0.0
0 1.0 2900.0 0.0 0.0
0 1.0 9210.0 0.0 0.0
0 0.0 -4000.0 1.0 -2007.5
0 1.0 2095.5 0.0 -2007.5
0 1.0 469.5 0.0 -2007.5
235826 ms elapsed
Best solution first found at eval: 2
Best solution: [1, 7, 6, 140, 3, 1, 1, 1, 1, 1, 1, 1, 1, 0, 1, 1, 0, 1, 1, 0, 1, 150, 3, 5, 0, 20, 1, 400, 250, 1]
Best fitness: 126.78500000000008
Final solution: [1, 7, 6, 140, 3, 1, 1, 1, 1, 1, 1, 1, 1, 0, 1, 1, 0, 1, 1, 0, 1, 150, 3, 5, 0, 20, 1, 400, 250, 1]
Final fitness: -16.25999999999999
Number of visits to optimal: 0
Total number of evaluations: 11

evaluation 0
0 1.0 3200.0 0.0 2777.6
0 1.0 9389.4 0.0 3647.8
0 1.0 6892.6 0.0 0.0
evaluation 1
0 0.0 4100.0 1.0 5768.3
0 1.0 6056.9 0.0 5262.6
0 1.0 10551.8 0.0 0.0
evaluation 2
0 1.0 4000.0 0.0 2246.3
0 1.0 7881.5 0.0 5549.0
0 1.0 10868.9 0.0 0.0
evaluation 3
0 0.0 4400.0 1.0 5933.1
0 1.0 7685.1 0.0 7289.0
0 1.0 9372.5 0.0 0.0
evaluation 4
0 0.0 4000.0 1.0 8234.5
0 1.0 8844.4 0.0 6248.8
0 0.0 8303.8 1.0 8547.1
evaluation 5
0 0.0 3400.0 1.0 12430.0
0 1.0 4460.5 0.0 2701.0
0 1.0 11708.3 0.0 0.0
evaluation 6
0 0.0 2800.0 1.0 3464.1
0 1.0 5642.5 0.0 3275.0
0 1.0 11327.2 0.0 0.0
evaluation 7
0 1.0 2700.0 0.0 2198.3
0 1.0 6698.3 0.0 4220.1
0 1.0 3161.5 0.0 0.0
evaluation 8
0 1.0 2700.0 0.0 1332.6
0 0.0 4766.9 1.0 5342.6
0 1.0 8135.5 0.0 0.0
evaluation 9
0 0.0 3400.0 1.0 5870.4
0 0.0 3937.0 1.0 4511.9
0 1.0 7375.7 0.0 0.0
0 0.0 4200.0 1.0 13690.6
0 1.0 7671.4 0.0 4258.6
0 1.0 10986.4 0.0 0.0
378123 ms elapsed
Best solution first found at eval: 6
Best solution: [7, 6, 8, 120, 2, 0, 1, 1, 1, 0, 0, 0, 0, 0, 1, 1, 0, 1, 0, 1, 0, 50, 1, 9, 0, 50, 2, 400, 300, 4]
Best fitness: 99.48800000000006
Final solution: [7, 6, 8, 120, 2, 0, 1, 1, 1, 1, 0, 0, 0, 0, 1, 1, 0, 1, 0, 1, 0, 50, 1, 3, 0, 50, 2, 400, 300, 4]
Final fitness: 75.7360000000001
Number of visits to optimal: 0
Total number of evaluations: 11

evaluation 0
0 0.5 300.0 0.5 300.0
0 1.0 1712.8 0.0 800.0
0 1.0 1655.8 0.0 1100.0
evaluation 1
0 0.0 300.0 1.0 500.0
0 0.0 1293.4 1.0 1400.0
0 1.0 1105.8 0.0 1100.0
evaluation 2
0 0.5 0.0 0.5 0.0
0 0.0 -167.60000000000002 1.0 800.0
0 1.0 2100.8 0.0 200.0
evaluation 3
0 0.5 0.0 0.5 0.0
0 1.0 3459.0 0.0 0.0
0 1.0 3500.2 0.0 0.0
evaluation 4
0 1.0 600.0 0.0 0.0
0 1.0 3169.2 0.0 0.0
0 1.0 4904.0 0.0 0.0
evaluation 5
0 1.0 300.0 0.0 0.0
0 1.0 765.6 0.0 0.0
0 1.0 2165.2 0.0 0.0
evaluation 6
0 1.0 100.0 0.0 0.0
0 1.0 1462.2 0.0 0.0
0 1.0 1219.4 0.0 0.0
evaluation 7
0 1.0 210.0 0.0 0.0
0 1.0 407.59999999999997 0.0 0.0
0 1.0 1654.0 0.0 0.0
evaluation 8
0 1.0 400.0 0.0 0.0
0 1.0 1531.4 0.0 0.0
0 1.0 3933.8 0.0 0.0
evaluation 9
0 1.0 400.0 0.0 0.0
0 1.0 2076.6 0.0 0.0
0 1.0 1415.2 0.0 0.0
0 1.0 400.0 0.0 0.0
0 1.0 1223.6 0.0 0.0
0 1.0 5751.4 0.0 0.0
225256 ms elapsed
Best solution first found at eval: 5
Best solution: [6, 1, 8, 80, 2, 0, 1, 0, 0, 0, 0, 0, 0, 0, 0, 1, 0, 0, 1, 1, 0, 200, 1, 2, 10, 40, 0, 400, 200, 1]
Best fitness: 17.347999999999956
Final solution: [6, 1, 4, 80, 2, 1, 1, 1, 0, 0, 0, 0, 0, 1, 0, 0, 1, 0, 1, 0, 0, 200, 0, 2, 10, 30, 0, 500, 200, 1]
Final fitness: 8.23599999999999
Number of visits to optimal: 0
Total number of evaluations: 11

evaluation 0
0 0.0 800.0 1.0 3599.8
0 0.0 1395.4 1.0 3293.1
0 0.0 1702.0 1.0 2186.5
evaluation 1
0 0.0 800.0 1.0 3908.8
0 0.0 403.7 1.0 1110.0
0 0.0 295.8 1.0 1727.9
evaluation 2
0 0.0 700.0 1.0 920.0
0 1.0 5107.9 0.0 3617.6
0 1.0 2315.2 0.0 1795.8
evaluation 3
0 1.0 1200.0 0.0 106.7
0 1.0 4101.3 0.0 3506.1
0 0.0 806.4 1.0 1696.4
evaluation 4
0 0.0 1400.0 1.0 3794.3
0 0.0 3389.9 1.0 5196.1
0 0.0 3002.5 1.0 5100.0
evaluation 5
0 0.0 1200.0 1.0 6697.7
0 0.0 2083.5 1.0 6088.6
0 0.0 3388.4 1.0 7614.6
evaluation 6
0 0.0 1400.0 1.0 4006.1
0 0.0 1886.6 1.0 3488.3
0 0.0 870.0 1.0 1602.5
evaluation 7
0 0.5 2300.0 0.5 2300.0
0 1.0 3896.0 0.0 2300.0
0 1.0 5090.1 0.0 2100.0
evaluation 8
0 0.5 2300.0 0.5 2300.0
0 1.0 3596.3 0.0 2400.0
0 1.0 7897.6 0.0 2000.0
evaluation 9
0 0.5 2300.0 0.5 2300.0
0 1.0 4601.4 0.0 2300.0
0 1.0 4708.4 0.0 2200.0
0 0.5 2300.0 0.5 2300.0
0 1.0 4603.4 0.0 2200.0
0 1.0 6398.1 0.0 1900.0
455094 ms elapsed
Best solution first found at eval: 9
Best solution: [9, 1, 8, 140, 2, 1, 0, 1, 0, 0, 0, 1, 0, 1, 0, 1, 1, 1, 0, 1, 1, 50, 0, 3, 10, 30, 0, 600, 300, 0]
Best fitness: 47.01300000000015
Final solution: [9, 1, 8, 140, 2, 1, 0, 1, 0, 0, 0, 1, 0, 1, 0, 1, 1, 1, 0, 1, 0, 50, 0, 1, 10, 30, 0, 600, 300, 0]
Final fitness: 20.94699999999989
Number of visits to optimal: 0
Total number of evaluations: 11

evaluation 0
0 0.0 1000.0 1.0 5725.6
0 1.0 5666.0 0.0 4074.4
0 0.0 1447.6 1.0 4026.4
evaluation 1
0 1.0 1200.0 0.0 10.0
0 0.0 500.0 1.0 1410.0
0 0.0 3800.0 1.0 4310.0
evaluation 2
0 1.0 1200.0 0.0 600.0
0 0.0 1110.0 1.0 4000.0
0 0.0 400.0 1.0 1210.0
evaluation 3
0 0.0 1400.0 1.0 3210.0
0 1.0 5920.0 0.0 3910.0
0 1.0 2400.0 0.0 2110.0
evaluation 4
0 0.0 1200.0 1.0 2710.0
0 0.0 600.0 1.0 3400.0
0 1.0 6720.0 0.0 3900.0
evaluation 5
0 0.0 3100.0 1.0 4920.0
0 1.0 8420.0 0.0 6500.0
0 0.0 5110.0 1.0 6010.0
evaluation 6
0 1.0 2900.0 0.0 2300.0
0 0.0 3920.0 1.0 5110.0
0 0.0 2800.0 1.0 8720.0
evaluation 7
0 1.0 1600.0 0.0 0.0
0 1.0 2310.0 0.0 1510.0
0 1.0 3620.0 0.0 200.0
evaluation 8
0 1.0 1800.0 0.0 500.0
0 1.0 1410.0 0.0 1310.0
0 1.0 5600.0 0.0 3610.0
evaluation 9
0 1.0 800.0 0.0 205.7
0 1.0 3699.5 0.0 3494.7
0 1.0 5307.9 0.0 4206.0
0 1.0 1100.0 0.0 1095.2
0 1.0 3403.9 0.0 193.1
0 1.0 2097.0 0.0 1604.9
272648 ms elapsed
Best solution first found at eval: 10
Best solution: [4, 1, 8, 120, 4, 0, 0, 1, 0, 0, 0, 0, 0, 0, 0, 0, 0, 1, 0, 0, 0, 50, 2, 1, 20, 10, 0, 600, 250, 3]
Best fitness: -3.8950000000000955
Final solution: [4, 1, 8, 120, 4, 0, 0, 1, 0, 0, 0, 0, 0, 0, 0, 0, 0, 1, 0, 0, 0, 50, 2, 1, 20, 10, 0, 600, 250, 3]
Final fitness: -27.186999999999898
Number of visits to optimal: 0
Total number of evaluations: 11

evaluation 0
0 0.0 -200.0 1.0 2448.4
0 0.0 1914.7999999999997 1.0 5576.4
0 1.0 6596.0 0.0 1210.0
evaluation 1
0 0.0 2200.0 1.0 4330.0
0 0.0 -146.80000000000018 1.0 4626.799999999999
0 1.0 4332.799999999999 0.0 895.5999999999999
evaluation 2
0 0.0 2400.0 1.0 4796.0
0 0.0 856.3999999999999 1.0 4319.6
0 1.0 5103.2 0.0 4649.2
evaluation 3
0 1.0 900.0 0.0 -624.8000000000002
0 1.0 6144.0 0.0 3796.3999999999996
0 1.0 2424.3999999999996 0.0 2363.6
evaluation 4
0 0.0 -2000.0 1.0 1043.1999999999998
0 0.0 -1184.8000000000002 1.0 534.7999999999997
0 1.0 2067.6 0.0 -725.6000000000001
evaluation 5
0 0.0 -4070.4000000000005 1.0 -1693.2000000000003
0 0.0 -688.4000000000001 1.0 -168.0
0 0.0 895.1999999999998 1.0 2466.7999999999997
evaluation 6
0 0.0 -4070.4000000000005 1.0 -890.8000000000002
0 1.0 -1415.2000000000003 0.0 -1644.8000000000002
0 1.0 2695.6 0.0 1576.4
evaluation 7
0 0.0 -1810.4 1.0 999.1999999999998
0 1.0 -474.8000000000002 0.0 -926.8000000000002
0 1.0 3666.4 0.0 -1069.6
evaluation 8
0 0.0 -2100.0 1.0 -1784.8000000000002
0 0.0 -2315.6000000000004 1.0 -1584.0
0 1.0 -156.80000000000018 0.0 -597.6000000000004
evaluation 9
0 0.0 0.0 1.0 3493.6
0 0.0 1119.6 1.0 2411.8
0 1.0 1982.0 0.0 569.5999999999999
0 0.0 100.0 1.0 1111.6
0 1.0 3232.2 0.0 2871.6
0 1.0 3328.4 0.0 2226.6
240230 ms elapsed
Best solution first found at eval: 8
Best solution: [3, 4, 10, 80, 4, 0, 0, 1, 1, 0, 0, 0, 1, 1, 1, 0, 0, 0, 1, 1, 1, 150, 1, 8, 0, 10, 0, 500, 200, 2]
Best fitness: 42.83999999999992
Final solution: [3, 9, 10, 80, 4, 0, 0, 1, 1, 0, 1, 0, 1, 1, 1, 0, 0, 0, 1, 1, 1, 150, 1, 2, 0, 10, 0, 400, 200, 2]
Final fitness: 7.412000000000262
Number of visits to optimal: 0
Total number of evaluations: 11

evaluation 0
0 1.0 3500.0 0.0 2700.0
0 1.0 9011.8 0.0 4500.0
0 1.0 6895.4 0.0 4900.0
evaluation 1
0 0.0 1100.0 1.0 2700.0
0 1.0 3693.8 0.0 3600.0
0 1.0 3489.0 0.0 3200.0
evaluation 2
0 0.0 2300.0 1.0 2700.0
0 1.0 3700.0 0.0 3300.0
0 1.0 3910.0 0.0 2800.0
evaluation 3
0 0.5 2700.0 0.5 2700.0
0 1.0 3600.0 0.0 2800.0
0 1.0 5310.0 0.0 3600.0
evaluation 4
0 0.5 0.0 0.5 0.0
0 1.0 2010.0 0.0 1200.0
0 1.0 1510.0 0.0 800.0
evaluation 5
0 0.5 0.0 0.5 0.0
0 0.0 500.0 1.0 700.0
0 1.0 2000.0 0.0 1400.0
evaluation 6
0 0.5 0.0 0.5 0.0
0 1.0 1400.0 0.0 900.0
0 1.0 1000.0 0.0 600.0
evaluation 7
0 0.5 1400.0 0.5 1400.0
0 1.0 3010.0 0.0 1800.0
0 1.0 5320.0 0.0 1600.0
evaluation 8
0 0.5 1400.0 0.5 1400.0
0 1.0 1400.0 0.0 1300.0
0 1.0 3320.0 0.0 1600.0
evaluation 9
0 0.0 1500.0 1.0 3700.0
0 1.0 3510.0 0.0 2700.0
0 1.0 4910.0 0.0 4000.0
0 1.0 3500.0 0.0 2700.0
0 1.0 6011.4 0.0 4600.0
0 1.0 7195.4 0.0 4100.0
367008 ms elapsed
Best solution first found at eval: 8
Best solution: [5, 8, 2, 80, 4, 1, 1, 0, 0, 0, 1, 1, 1, 0, 1, 0, 0, 0, 0, 1, 0, 50, 1, 0, 10, 20, 1, 400, 250, 0]
Best fitness: 25.100000000000136
Final solution: [10, 8, 4, 140, 4, 1, 1, 0, 1, 0, 0, 1, 0, 0, 1, 0, 0, 0, 1, 0, 0, 50, 2, 6, 10, 20, 1, 400, 300, 0]
Final fitness: 6.114000000000033
Number of visits to optimal: 0
Total number of evaluations: 11

evaluation 0
0 0.0 4300.0 1.0 10090.6
0 1.0 5974.8 0.0 4865.2
0 1.0 9712.3 0.0 0.0
evaluation 1
0 0.0 3200.0 1.0 3775.5
0 1.0 7977.3 0.0 7949.6
0 1.0 11600.4 0.0 0.0
evaluation 2
0 0.0 3700.0 1.0 5981.1
0 0.0 5869.9 1.0 9107.4
0 1.0 10718.1 0.0 0.0
evaluation 3
0 0.0 3900.0 1.0 8951.1
0 0.0 6469.2 1.0 11093.8
0 1.0 10100.9 0.0 0.0
evaluation 4
0 0.0 3400.0 1.0 6577.6
0 1.0 8988.5 0.0 6858.9
0 1.0 7893.7 0.0 0.0
evaluation 5
0 0.0 3600.0 1.0 5695.8
0 1.0 5188.1 0.0 5000.0
0 1.0 9497.9 0.0 0.0
evaluation 6
0 0.0 0.0 1.0 5106.5
0 0.0 2297.9 1.0 5010.0
0 1.0 5916.5 0.0 0.0
evaluation 7
0 0.0 4100.0 1.0 4319.3
0 1.0 7008.6 0.0 5300.0
0 1.0 9820.0 0.0 7407.2
evaluation 8
0 0.0 5000.0 1.0 6992.5
0 0.0 3795.5 1.0 4490.2
0 1.0 7010.2 0.0 3995.1
evaluation 9
0 1.0 400.0 0.0 392.3
0 0.0 5701.6 1.0 9111.6
0 0.0 2997.9 1.0 3597.9
0 0.0 4400.0 1.0 5590.4
0 0.0 7081.5 1.0 7255.2
0 1.0 7085.3 0.0 0.0
559679 ms elapsed
Best solution first found at eval: 2
Best solution: [8, 3, 8, 160, 4, 0, 1, 0, 0, 0, 1, 1, 1, 0, 1, 1, 0, 0, 1, 0, 1, 25, 0, 7, 10, 20, 1, 500, 200, 4]
Best fitness: 115.72699999999998
Final solution: [8, 3, 8, 160, 4, 1, 1, 0, 0, 0, 1, 1, 0, 1, 1, 1, 0, 0, 1, 0, 1, 25, 0, 7, 10, 20, 1, 500, 250, 4]
Final fitness: 10.167000000000144
Number of visits to optimal: 0
Total number of evaluations: 11


 min = -3.8950000000000955
 max = 126.78500000000008
 ave = 59.030600000000014
 sd  = 43.280418246592795
 se  = 13.686469974394429
 sum  = 590.3060000000002
 sumsq  = 51704.86879600004
 n   = 10
